db_id,generic_name,maccs
DB00001,Lepirudin,8 11 14 36 53 54 65 67 74 75 77 79 80 82 84 85 88 89 90 91 92 95 96 97 100 104 105 109 110 111 113 114 115 117 118 120 121 122 123 124 127 128 129 130 131 132 133 136 137 138 139 140 141 142 143 146 147 148 149 150 151 152 153 154 155 156 157 158 159 160 161 162 164 165
DB00006,Bivalirudin,8 11 25 43 53 54 74 75 77 78 79 80 82 84 85 90 91 92 95 96 97 100 104 106 110 111 113 114 115 117 118 119 120 121 122 123 127 128 129 131 132 133 136 137 138 139 140 141 142 143 146 147 148 149 150 151 152 153 154 155 156 157 158 159 160 161 162 164 165
DB00007,Leuprolide,8 11 25 43 53 54 65 74 75 77 78 79 80 82 84 85 89 90 91 92 95 96 97 100 104 105 106 109 110 111 113 114 115 117 118 119 120 121 122 127 128 131 132 133 136 137 138 139 140 141 142 143 146 147 148 149 150 151 152 153 154 155 156 157 158 159 160 161 162 164 165
DB00010,Sermorelin,25 43 53 54 74 77 78 79 80 82 84 88 89 90 91 92 93 95 96 97 100 104 106 109 110 111 113 114 115 116 117 118 119 123 127 128 129 131 132 136 138 139 140 141 142 143 146 147 149 151 152 153 154 155 156 157 158 159 160 161 162 164 165
DB00014,Goserelin,8 11 25 37 43 52 53 54 65 66 68 69 74 75 77 78 79 80 82 84 85 89 90 91 92 94 95 96 97 100 104 105 106 109 110 111 112 113 115 116 117 118 119 120 121 122 124 126 127 128 131 132 133 136 137 138 139 140 141 142 143 146 147 148 149 150 151 152 153 154 155 156 157 158 159 160 161 162 164 165
DB00017,Salmon Calcitonin,8 11 14 25 36 43 53 54 65 67 74 75 77 78 79 80 82 84 85 88 89 90 91 92 95 96 97 100 104 106 109 110 111 113 115 117 118 119 120 121 122 123 124 127 128 129 131 132 133 136 137 138 139 140 141 142 143 146 147 148 149 150 151 152 153 154 155 156 157 158 159 160 161 162 164 165
DB00035,Desmopressin,8 11 14 25 36 43 53 54 67 75 77 78 79 80 82 84 85 88 90 91 92 95 96 97 100 104 106 110 111 113 117 118 119 120 121 122 124 127 128 129 131 132 133 136 137 138 139 140 142 143 146 147 148 150 151 152 153 154 155 156 157 158 159 161 162 164 165
DB00050,Cetrorelix,8 11 25 37 43 53 54 65 74 75 77 78 79 82 83 84 85 87 89 90 91 92 95 96 97 100 103 104 106 107 108 109 110 111 113 115 117 118 119 120 121 122 123 127 128 131 133 134 136 137 138 139 140 141 142 143 146 147 148 149 150 151 152 153 154 155 156 157 158 159 160 161 162 164 165
DB00063,Eptifibatide,8 11 14 25 36 43 53 54 65 67 77 78 79 82 84 85 88 90 91 92 95 96 97 100 104 105 106 110 111 117 118 119 120 121 122 123 124 127 128 129 131 132 133 136 137 138 139 140 142 143 146 147 148 150 151 153 154 155 156 157 158 159 161 162 164 165
DB00067,Vasopressin,8 11 14 25 36 43 53 54 67 75 77 78 79 80 82 84 85 88 90 91 92 95 96 97 100 104 106 110 111 113 114 115 117 118 119 120 121 122 124 127 128 129 131 132 133 136 137 138 139 140 142 143 146 147 148 149 150 151 152 153 154 155 156 157 158 159 160 161 162 164 165
DB00091,Cyclosporine,53 54 74 75 79 85 89 90 91 92 93 95 97 99 100 104 108 110 111 114 115 116 117 120 121 122 127 128 131 132 133 136 137 139 140 141 142 143 146 148 149 150 151 152 153 154 155 156 157 158 159 160 161 164 165
DB00093,Felypressin,8 11 14 36 53 54 67 75 79 80 82 84 85 88 90 91 92 95 96 97 100 104 110 111 117 118 120 121 122 124 127 128 129 131 132 133 136 137 138 140 142 143 146 147 148 150 151 153 154 155 156 158 159 161 162 164 165
DB00094,Urofollitropin,8 11 14 36 53 54 67 74 75 79 80 82 84 85 88 89 90 91 92 95 96 97 100 104 110 111 113 114 115 117 118 120 121 122 124 127 128 129 131 132 133 136 137 138 139 140 141 142 143 146 147 148 149 150 151 152 153 154 155 156 157 158 159 160 161 162 164 165
DB00104,Octreotide,8 11 14 36 53 54 65 67 79 82 84 88 89 90 91 92 95 96 97 100 104 105 109 110 111 116 117 118 120 121 124 127 129 131 133 136 137 138 139 140 142 143 146 147 149 150 151 152 153 154 155 156 157 158 159 160 161 162 164 165
DB00106,Abarelix,8 11 53 54 65 74 75 79 80 82 83 84 85 87 89 90 91 92 93 95 96 97 100 103 104 107 108 109 110 111 113 115 116 117 118 120 121 122 127 128 129 131 132 133 134 136 137 138 139 140 141 142 143 146 147 148 149 150 151 152 153 154 155 156 157 158 159 160 161 162 164 165
DB00107,Oxytocin,8 11 14 36 53 54 67 74 75 79 80 82 84 85 88 90 91 92 95 96 97 100 104 110 111 113 114 115 117 118 120 121 122 124 127 128 129 131 132 133 136 137 138 139 140 141 142 143 146 147 148 149 150 151 152 153 154 155 156 157 158 159 160 161 162 164 165
DB00109,Enfuvirtide,8 11 53 54 65 74 77 79 80 82 84 89 90 91 92 95 96 97 100 104 105 108 109 110 111 113 114 115 117 118 120 121 123 127 129 131 132 136 137 138 139 140 141 142 143 146 147 149 151 152 153 154 155 156 157 158 159 160 161 162 164 165
DB00114,Pyridoxal Phosphate,29 43 48 65 69 83 89 90 91 95 96 97 102 106 109 112 113 121 124 126 127 130 131 136 137 139 140 143 144 146 148 150 152 153 154 155 156 157 159 160 161 162 164 165
DB00115,Cyanocobalamin,8 9 11 26 29 41 45 48 49 50 57 62 65 66 69 72 74 75 76 77 78 79 80 82 84 85 89 90 91 92 95 96 97 99 100 102 104 105 106 108 109 110 111 112 115 116 117 118 119 120 121 122 124 126 127 128 129 130 131 132 133 136 137 138 139 140 141 142 143 144 146 147 148 149 150 151 152 153 154 155 156 157 158 159 160 161 162 164 165
DB00116,Tetrahydrofolic acid,25 38 43 53 54 65 77 79 80 82 83 84 90 91 92 95 96 97 100 104 105 106 110 111 113 117 120 121 123 127 131 132 133 135 136 137 138 139 140 142 143 144 146 147 151 153 154 155 156 157 158 159 161 162 164 165
DB00117,L-Histidine,8 11 53 54 65 77 79 80 84 90 95 104 111 120 121 123 131 137 139 142 151 154 155 156 157 158 159 161 162 164 165
DB00118,S-Adenosylmethionine,8 11 38 49 54 57 61 62 65 72 75 77 79 80 83 84 85 86 88 89 90 91 92 93 95 96 97 104 105 110 111 115 116 117 120 121 122 123 127 129 131 132 133 135 137 138 139 140 142 143 146 147 148 150 151 152 153 154 155 156 157 158 159 160 161 162 164 165
DB00119,Pyruvic acid,72 123 136 139 146 152 154 157 159 160 164
DB00120,L-Phenylalanine,54 84 90 95 96 104 111 123 131 139 151 154 155 156 157 158 159 161 162 164 165
DB00121,Biotin,8 11 19 36 37 43 54 77 79 81 88 90 91 104 105 106 110 111 117 118 120 121 123 127 128 129 131 132 133 136 137 139 142 143 146 147 151 153 154 155 156 157 158 159 161 164 165
DB00122,Choline,30 49 74 82 85 93 95 100 104 109 111 112 115 116 122 132 138 139 141 147 148 149 153 155 157 158 160 161 164
DB00123,L-Lysine,54 82 84 90 91 95 100 104 111 118 123 129 131 139 142 147 151 153 154 155 156 157 158 159 161 164
DB00125,L-Arginine,25 43 54 77 78 84 90 91 95 100 104 106 111 118 119 123 131 139 142 147 151 153 154 155 156 157 158 159 161 164
DB00126,Vitamin C,8 11 21 54 57 72 76 82 89 99 104 109 123 127 131 132 137 139 140 143 146 150 152 153 154 155 157 159 164 165
DB00127,Spermine,53 80 82 84 86 90 91 100 104 111 118 128 129 131 138 142 147 151 153 155 158 161
DB00128,L-Aspartic Acid,53 54 84 90 95 97 104 111 123 131 132 136 139 140 146 151 154 155 156 157 158 159 161 164
DB00129,L-Ornithine,54 82 84 90 91 95 100 104 111 118 123 131 139 142 147 151 153 154 155 156 157 158 159 161 164
DB00130,L-Glutamine,54 84 90 91 92 95 104 110 111 117 123 131 132 136 139 142 146 147 151 154 155 156 157 158 159 161 164
DB00131,Adenosine monophosphate,8 11 29 38 43 48 54 57 62 65 69 72 75 77 79 80 83 84 85 89 90 91 92 95 96 97 102 105 106 109 110 112 117 120 121 122 124 126 127 130 131 132 133 135 137 139 140 142 143 146 148 150 151 152 153 155 156 157 158 159 161 162 164 165
DB00132,Alpha-Linolenic Acid,90 91 99 104 108 114 118 123 128 129 132 139 147 154 155 157 159 160 164
DB00133,L-Serine,53 54 82 84 89 90 95 104 109 111 123 131 139 146 151 153 154 155 156 157 158 159 161 164
DB00134,L-Methionine,54 84 88 90 91 93 95 104 111 115 116 123 131 139 147 151 153 154 155 156 157 158 159 160 161 164
DB00135,L-Tyrosine,54 84 90 95 96 104 111 113 123 127 131 139 143 146 151 152 154 155 156 157 158 159 161 162 164 165
DB00136,Calcitriol,11 34 50 53 66 74 76 89 90 91 96 99 104 108 112 115 116 118 127 128 129 131 132 139 141 143 146 147 149 150 152 155 157 159 160 164 165
DB00137,Xanthophyll,50 66 74 76 96 99 104 108 112 115 127 131 132 139 141 143 149 150 152 157 159 160 164 165
DB00138,L-Cystine,14 54 67 84 88 90 95 104 111 123 124 129 131 136 138 139 140 142 146 151 153 154 155 156 157 158 159 161 164
DB00139,Succinic acid,90 104 123 131 132 136 139 140 146 147 154 155 157 159 164
DB00140,Riboflavin,37 38 53 54 65 72 75 77 79 80 82 83 85 89 90 91 92 95 96 97 100 104 105 106 109 110 113 117 120 121 122 127 128 131 132 136 137 138 139 140 142 143 144 146 148 149 150 152 153 154 155 156 157 158 159 160 161 162 164 165
DB00141,N-Acetyl-D-glucosamine,53 54 57 72 82 83 89 90 91 92 95 96 97 109 110 117 123 127 131 132 133 137 139 140 143 146 150 151 152 153 154 155 156 157 158 159 160 161 164 165
DB00142,L-Glutamic Acid,54 84 90 91 95 104 111 123 131 132 136 139 140 146 147 151 154 155 156 157 158 159 161 164
DB00143,Glutathione,53 54 79 82 84 88 90 91 92 95 100 104 110 111 117 123 128 131 132 136 138 139 140 142 146 147 151 153 154 155 156 157 158 159 161 164
DB00144,Phosphatidylserine,29 48 54 69 72 84 89 90 95 102 104 106 108 109 111 112 114 115 123 124 126 128 129 130 131 132 136 138 139 140 146 147 148 149 151 152 153 154 155 156 157 158 159 160 161 164
DB00145,Glycine,54 82 84 95 100 104 123 131 132 139 151 153 154 155 157 158 159 161 164
DB00146,Calcidiol,11 34 50 66 74 76 90 91 96 99 104 108 112 115 116 118 127 128 129 131 132 139 141 143 147 149 150 152 155 157 159 160 164 165
DB00147,Pyridoxal,65 82 83 89 91 95 96 97 109 113 121 127 131 137 139 143 144 146 150 152 153 154 155 156 157 159 160 161 162 164 165
DB00148,Creatine,25 43 77 78 84 85 90 93 95 100 104 106 115 119 122 123 131 132 139 142 148 151 153 154 155 156 157 158 159 160 161 164
DB00149,L-Leucine,54 74 84 90 95 104 111 115 123 131 139 149 151 154 155 156 157 158 159 160 161 164
DB00150,L-Tryptophan,8 11 54 65 84 90 91 95 96 104 105 111 121 123 131 137 139 142 151 154 155 156 157 158 159 161 162 164 165
DB00151,L-Cysteine,53 54 82 84 88 90 95 104 111 123 131 139 151 153 154 155 156 157 158 159 161 164
DB00152,Thiamine,8 11 36 38 47 49 65 75 77 80 81 82 83 84 85 88 90 96 100 104 108 109 116 120 121 122 128 131 132 133 135 137 138 139 142 144 147 148 149 150 151 153 155 156 157 158 160 161 162 164 165
DB00153,Ergocalciferol,11 34 50 66 74 76 90 96 99 104 108 112 115 116 118 127 128 129 132 139 141 143 147 149 150 152 157 160 164 165
DB00154,gamma-Homolinolenic acid,90 91 99 104 108 114 115 116 118 123 128 129 132 139 147 154 155 157 159 160 164
DB00155,L-Citrulline,37 43 54 77 82 84 90 91 95 100 104 106 110 111 117 118 123 131 136 139 142 146 147 151 153 154 155 156 157 158 159 161 164
DB00156,L-Threonine,53 54 84 89 95 123 131 139 146 151 152 154 156 157 158 159 160 161 164
DB00157,NADH,8 11 29 38 45 48 50 53 54 57 62 65 69 72 75 76 77 79 80 83 84 85 89 90 91 92 95 96 97 99 102 105 106 109 110 112 117 120 121 122 124 126 127 130 131 132 133 135 136 137 138 139 140 142 143 146 148 150 151 152 153 154 155 156 157 158 159 161 162 164 165
DB00158,Folic Acid,25 38 43 54 65 77 79 80 82 83 84 90 91 92 95 96 97 100 104 105 106 110 111 113 117 120 121 123 127 131 132 133 135 136 137 139 140 142 143 146 147 151 153 154 155 156 157 158 159 161 162 164 165
DB00159,Icosapent,90 91 99 104 108 114 118 123 128 129 132 139 147 154 155 157 159 160 164
DB00160,L-Alanine,54 84 95 123 131 139 151 154 156 157 158 159 160 161 164
DB00161,L-Valine,54 74 84 95 123 131 139 149 151 154 156 157 158 159 160 161 164
DB00162,Vitamin A,50 66 74 76 82 96 99 108 109 112 115 116 118 139 141 147 149 150 153 155 157 160 164 165
DB00163,Vitamin E,57 66 74 83 91 96 105 108 112 113 115 116 118 127 128 129 132 137 139 141 143 144 147 149 150 152 155 157 159 160 162 164 165
DB00165,Pyridoxine,53 65 82 83 89 90 91 95 96 97 108 109 113 121 127 129 131 137 138 139 143 144 146 150 152 153 155 156 157 159 160 161 162 164 165
DB00166,Lipoic Acid,8 11 14 36 67 81 88 90 91 104 118 120 123 124 128 129 132 137 139 147 153 154 155 157 159 164 165
DB00167,L-Isoleucine,54 84 90 91 95 114 115 123 131 139 149 151 154 155 156 157 158 159 160 161 164
DB00168,Aspartame,53 54 79 84 90 92 93 95 96 97 104 108 110 111 117 123 126 131 132 136 139 140 142 146 151 154 155 156 157 158 159 160 161 162 164 165
DB00169,Cholecalciferol,11 34 50 66 74 76 90 96 99 104 108 112 115 116 118 127 128 129 132 139 141 143 147 149 150 152 155 157 160 164 165
DB00170,Menadione,50 76 96 99 127 136 143 144 150 152 154 159 160 162 164 165
DB00171,Adenosine triphosphate,8 11 29 38 43 48 53 54 57 62 65 69 72 75 77 79 80 83 84 85 89 90 91 92 95 96 97 102 105 106 109 110 112 117 120 121 122 124 126 127 130 131 132 133 135 136 137 139 140 142 143 146 148 150 151 152 153 155 156 157 158 159 161 162 164 165
DB00172,L-Proline,8 11 54 82 90 91 95 100 104 111 118 121 123 131 133 137 139 147 151 153 154 156 157 158 159 161 164 165
DB00173,Adenine,8 11 38 54 65 77 79 80 83 84 96 105 120 121 131 133 135 137 142 151 156 158 161 162 165
DB00174,L-Asparagine,53 54 80 84 90 92 95 97 104 110 111 117 123 131 132 136 139 142 146 151 154 155 156 157 158 159 161 164
DB00175,Pravastatin,26 50 53 76 89 90 91 96 99 104 108 114 115 116 123 126 127 128 129 131 132 136 139 140 141 143 146 147 149 150 152 154 155 157 159 160 164 165
DB00176,Fluvoxamine,24 42 71 78 80 82 84 93 94 95 96 100 102 104 106 107 108 109 111 112 115 116 118 119 124 126 128 129 132 134 138 142 147 151 153 155 156 157 158 159 160 161 162 164 165
DB00177,Valsartan,8 11 38 52 62 65 69 70 74 77 79 80 85 91 92 94 95 96 100 108 110 111 114 115 116 117 118 120 121 122 123 124 128 129 130 131 132 136 137 139 141 142 144 146 147 148 149 150 153 154 155 156 157 158 159 160 161 162 164 165
DB00178,Ramipril,8 11 19 75 79 85 90 91 92 95 96 104 105 108 109 110 111 114 117 118 121 122 123 126 128 129 131 133 136 137 139 140 142 146 147 148 149 150 151 153 154 155 156 157 158 159 160 161 162 164 165
DB00179,Masoprocol,54 72 91 96 113 115 116 127 129 131 139 140 143 144 146 149 150 152 155 157 159 160 162 164 165
DB00180,Flunisolide,8 11 19 26 42 50 57 66 72 74 76 82 87 89 91 96 99 104 105 107 108 109 112 115 116 120 123 127 128 129 131 132 134 136 137 139 140 141 143 146 149 150 152 153 154 155 157 159 160 164 165
DB00181,Baclofen,82 84 87 90 91 96 100 103 104 107 123 131 132 134 139 151 153 154 155 157 158 159 161 162 164 165
DB00182,Amphetamine,84 96 104 111 115 151 155 156 158 160 161 162 165
DB00183,Pentagastrin,8 11 23 53 54 65 74 79 80 82 84 88 90 91 92 93 95 96 97 100 104 105 106 109 110 111 115 116 117 118 121 123 126 128 131 132 136 137 138 139 140 141 142 146 147 149 151 153 154 155 156 157 158 159 160 161 162 164 165
DB00184,Nicotine,8 11 62 65 75 80 83 85 93 96 100 108 111 115 116 118 120 121 122 133 137 142 147 148 150 153 156 158 160 161 162 165
DB00185,Cevimeline,8 11 36 57 66 81 83 85 86 88 95 96 100 105 108 111 112 116 118 120 121 122 128 129 132 133 137 138 147 148 152 153 157 158 160 161 164 165
DB00186,Lorazepam,54 62 72 78 79 80 87 92 95 96 98 103 105 107 110 117 119 120 121 127 131 133 134 135 137 139 142 143 144 150 151 154 156 157 158 159 161 162 163 164 165
DB00187,Esmolol,54 72 74 82 90 93 95 96 97 100 104 108 109 113 116 123 126 127 131 132 138 139 140 141 143 146 147 149 151 152 153 154 155 156 157 158 159 160 161 162 164 165
DB00188,Bortezomib,18 43 54 65 69 74 79 80 83 90 92 95 96 97 102 104 110 111 115 117 120 121 124 130 131 136 137 139 140 142 146 148 149 151 154 155 156 158 159 160 161 162 164 165
DB00189,Ethchlorvynol,17 66 99 103 104 112 114 132 134 139 152 155 157 160 164
DB00190,Carbidopa,52 53 54 66 68 69 72 84 90 91 94 95 96 97 104 111 112 113 115 123 124 127 131 139 140 142 143 144 146 150 151 152 154 155 156 157 158 159 160 161 162 164 165
DB00191,Phentermine,66 74 84 96 104 111 112 115 149 151 155 156 158 160 161 162 165
DB00192,Indecainide,11 66 74 82 84 90 91 92 96 100 104 108 110 111 112 116 117 118 131 142 144 147 149 151 153 154 155 156 158 160 161 162 164 165
DB00193,Tramadol,62 66 74 85 90 91 93 96 97 100 104 108 112 113 115 118 122 126 127 128 129 132 139 141 143 147 148 149 150 152 153 155 157 158 159 160 161 162 164 165
DB00195,Betaxolol,54 72 74 82 86 90 95 96 97 100 104 109 113 116 126 127 128 129 131 132 138 139 143 146 147 149 151 152 153 155 156 157 158 159 160 161 162 164 165
DB00196,Fluconazole,8 11 42 52 65 66 75 77 79 80 87 94 95 96 97 100 104 107 111 112 120 121 122 124 130 132 134 137 138 139 142 144 148 150 152 153 155 156 157 158 161 162 164 165
DB00197,Troglitazone,8 11 36 47 57 66 72 81 83 88 89 90 91 92 96 105 106 108 109 110 112 113 115 116 117 120 121 126 127 129 131 132 133 136 137 139 140 141 143 144 146 147 149 150 151 152 153 154 155 156 157 158 159 160 161 162 164 165
DB00198,Oseltamivir,50 54 76 79 84 90 92 95 96 97 99 104 109 110 111 114 116 117 123 126 127 128 131 132 133 136 140 141 142 143 146 149 150 151 152 153 154 155 156 157 158 159 160 161 164 165
DB00200,Hydroxocobalamin,8 9 11 26 29 45 48 49 50 57 62 65 66 72 74 75 76 77 78 79 80 82 84 85 89 90 91 92 95 96 97 99 100 102 104 105 106 108 109 110 111 112 115 116 117 118 119 120 121 122 124 126 127 128 129 130 131 132 133 136 137 138 139 140 141 142 143 144 146 147 148 149 150 151 152 153 154 155 156 157 158 159 160 161 162 164 165
DB00201,Caffeine,8 11 37 38 65 75 77 79 80 83 85 89 92 93 95 96 97 105 106 110 113 117 120 121 122 127 136 137 141 142 143 144 148 149 150 154 156 158 159 160 161 162 164 165
DB00202,Succinylcholine,30 49 74 85 93 95 100 109 111 112 115 116 118 122 123 126 128 129 132 136 138 140 141 142 146 147 148 149 153 154 155 157 158 159 160 161 164
DB00203,Sildenafil,8 11 32 33 38 51 52 55 58 59 60 61 62 64 65 67 73 75 77 79 80 81 83 85 86 88 90 91 92 93 94 95 96 97 100 102 105 106 108 109 110 111 112 113 114 115 116 117 118 120 121 122 124 126 127 129 130 133 136 137 138 140 141 142 143 144 146 147 148 149 150 152 153 154 155 156 157 158 159 160 161 162 164 165
DB00204,Dofetilide,32 33 51 55 58 60 61 67 69 73 85 86 88 93 94 95 96 100 102 106 109 111 112 113 115 116 117 118 122 124 126 127 128 129 130 131 132 133 135 136 138 140 141 142 143 146 147 148 149 151 152 153 155 156 157 158 159 160 161 162 164 165
DB00205,Pyrimethamine,25 38 53 62 65 77 80 83 84 87 91 96 103 106 107 111 114 120 121 131 133 134 135 137 142 144 150 151 155 156 158 160 161 162 165
DB00206,Reserpine,8 11 65 72 79 83 85 86 89 90 91 93 96 97 100 105 108 111 113 120 121 122 123 126 127 128 129 132 133 136 137 138 140 141 142 143 144 146 147 148 149 150 152 153 154 156 157 158 159 160 161 162 164 165
DB00208,Ticlopidine,8 11 36 75 81 83 85 86 87 88 96 100 103 105 107 111 120 121 122 129 133 134 137 138 144 147 148 150 153 155 158 161 162 165
DB00209,Trospium,8 11 30 49 66 72 83 85 86 96 97 100 105 111 112 118 121 122 123 126 127 128 129 132 133 137 138 139 143 146 147 148 152 153 154 156 157 158 159 161 162 163 164 165
DB00210,Adapalene,19 62 66 93 96 112 113 123 126 127 128 139 143 144 146 150 152 154 157 159 160 162 164 165
DB00211,Midodrine,54 79 82 84 89 91 92 93 95 96 100 104 110 111 113 117 126 127 129 131 132 138 139 140 142 143 144 146 149 150 151 152 153 154 155 156 157 158 159 160 161 162 164 165
DB00212,Remikiren,8 11 51 53 54 55 58 60 61 65 66 67 72 73 74 77 79 80 81 88 90 91 92 95 96 97 102 104 110 111 112 116 117 118 120 121 124 128 129 130 131 132 136 137 139 140 141 142 146 147 148 149 151 152 153 154 155 156 157 158 159 160 161 162 164 165
DB00213,Pantoprazole,8 11 42 47 51 59 60 61 64 65 67 72 73 77 79 81 83 88 90 93 95 96 97 102 105 106 107 108 111 113 120 121 124 126 127 132 134 137 140 142 143 144 146 148 149 150 152 153 155 156 157 159 160 161 162 164 165
DB00214,Torasemide,32 33 37 43 51 53 55 58 59 60 61 64 65 67 69 73 74 77 80 81 83 88 89 94 96 97 102 106 110 112 117 121 124 130 131 133 135 136 137 141 142 144 146 148 149 150 151 154 156 158 159 160 161 162 164 165
DB00215,Citalopram,8 11 41 42 57 62 66 74 85 87 93 96 100 107 108 109 111 112 115 116 118 122 128 129 132 134 137 138 142 144 147 148 149 152 153 155 157 158 160 161 162 164 165
DB00216,Eletriptan,8 11 51 55 58 59 60 61 64 65 67 73 75 81 85 88 90 91 93 96 100 102 105 108 111 112 115 116 118 120 121 122 124 128 129 130 132 133 136 137 138 142 147 148 150 153 155 156 158 159 160 161 162 164 165
DB00217,Bethanidine,8 11 45 49 50 54 72 75 76 78 83 85 90 91 95 96 97 99 104 105 111 113 119 120 121 122 123 127 131 133 135 136 137 139 140 142 143 144 146 148 150 151 152 154 156 157 158 159 161 162 164 165
DB00218,Moxifloxacin,8 11 42 62 65 75 79 80 82 83 85 86 87 89 90 91 93 95 96 97 100 104 105 107 111 113 118 120 121 122 123 126 127 128 129 131 133 134 135 136 137 138 139 140 142 143 144 146 147 148 150 151 152 153 154 156 157 158 159 160 161 162 164 165
DB00219,Oxyphenonium,30 49 66 72 85 86 90 91 93 95 96 100 108 109 111 112 114 115 116 118 122 123 126 129 132 138 139 141 146 147 148 149 152 153 154 155 157 158 159 160 161 162 164 165
DB00221,Isoetharine,54 72 74 90 95 96 104 108 111 113 114 127 131 139 141 143 144 146 149 150 151 152 155 156 157 158 159 160 161 162 164 165
DB00222,Glimepiride,8 11 32 33 37 43 50 51 55 58 59 60 61 64 67 69 73 75 76 77 81 82 85 88 89 90 91 92 94 96 97 99 100 102 104 106 108 110 111 112 114 115 116 117 118 121 122 124 127 128 129 130 131 133 136 137 138 140 141 142 143 146 147 148 149 150 151 153 154 155 156 158 159 160 161 162 164 165
DB00223,Diflorasone,11 26 42 50 66 72 76 87 89 91 96 99 104 107 108 109 112 115 116 123 126 127 128 129 132 134 136 139 140 141 143 146 149 150 152 153 154 155 157 159 160 164 165
DB00226,Guanadrel Sulfate,8 11 25 43 57 72 77 78 84 90 95 96 97 100 105 106 109 112 118 119 120 123 128 129 131 132 137 138 142 147 151 152 153 155 156 157 158 159 161 164 165
DB00227,Lovastatin,26 50 57 76 83 89 91 96 99 104 108 114 115 116 123 126 127 128 129 132 136 137 139 140 141 143 146 147 149 150 152 154 155 157 159 160 164 165
DB00228,Enflurane,42 103 106 107 112 126 134 157 164
DB00230,Pregabalin,74 82 84 90 91 100 104 108 115 123 131 132 139 149 151 153 154 155 157 158 159 160 161 164
DB00231,Temazepam,62 72 75 78 79 80 85 87 92 93 95 96 98 103 105 107 110 117 119 120 121 122 127 133 134 135 137 139 142 143 144 148 150 154 156 157 158 159 160 161 162 163 164 165
DB00232,Methyclothiazide,32 33 36 38 51 55 58 59 60 61 64 67 69 73 75 77 80 81 83 84 87 88 93 94 96 97 102 103 104 105 106 107 111 112 116 117 120 121 122 124 127 130 131 133 134 135 136 137 140 142 143 144 146 148 150 151 153 155 156 158 159 160 161 162 164 165
DB00234,Reboxetine,57 72 82 83 86 91 95 96 97 100 104 109 111 113 114 120 121 126 127 129 132 133 137 138 143 144 146 147 150 151 152 153 155 157 158 159 160 161 162 164 165
DB00235,Milrinone,41 62 65 80 83 92 96 97 110 113 117 120 121 127 137 142 143 144 150 154 156 160 161 162 164 165
DB00237,Butabarbital,37 43 53 66 77 80 83 89 90 91 92 96 97 106 108 110 112 114 115 116 117 120 121 127 129 131 133 136 137 141 142 143 146 149 150 151 154 155 156 158 159 160 161 164 165
DB00240,Alclometasone,11 26 50 66 72 76 87 89 96 99 103 104 107 108 109 112 114 115 116 123 126 127 128 129 132 134 136 139 140 141 143 146 149 150 152 153 154 155 157 159 160 164 165
DB00241,Butalbital,34 37 43 53 66 74 77 80 83 89 90 92 96 97 99 106 108 110 112 115 117 120 121 127 131 133 136 137 142 143 146 149 150 151 154 155 156 158 159 160 161 164 165
DB00242,Cladribine,8 11 38 53 57 62 65 72 75 77 79 80 82 83 84 85 87 89 90 91 92 96 97 103 104 105 106 107 109 110 111 117 120 121 122 127 128 129 131 132 133 134 135 137 139 142 143 146 148 150 151 152 153 155 156 157 158 159 161 162 164 165
DB00243,Ranolazine,72 75 79 83 85 86 91 92 93 95 96 97 100 104 109 110 111 113 117 118 120 121 122 126 127 128 129 131 132 133 135 137 138 139 140 141 142 143 144 146 147 148 149 150 151 152 153 154 155 156 157 158 159 160 161 162 164 165
DB00244,Mesalazine,53 84 89 96 113 123 127 131 133 135 139 143 144 146 150 151 152 154 156 157 158 159 161 162 164 165
DB00245,Benztropine,8 11 75 83 85 93 96 97 105 108 111 116 121 122 126 127 128 129 132 133 137 143 147 148 152 156 157 158 160 161 162 163 164 165
DB00246,Ziprasidone,8 11 32 33 36 38 62 65 67 75 77 79 81 83 85 86 87 88 90 92 94 96 100 103 104 105 107 110 111 117 118 120 121 122 124 127 128 129 132 133 134 135 137 138 142 143 144 147 148 150 151 153 154 155 156 158 161 162 164 165
DB00247,Methysergide,8 11 26 50 54 65 75 76 80 82 83 85 90 92 93 95 96 97 99 100 104 105 108 109 110 111 114 115 116 117 120 121 122 129 131 133 137 138 139 141 142 148 149 151 153 154 155 156 157 158 159 160 161 162 164 165
DB00248,Cabergoline,8 11 34 37 65 74 75 77 80 82 83 85 86 89 90 91 92 93 96 97 99 100 105 106 108 110 111 114 115 116 117 118 120 121 122 128 129 131 133 136 137 138 141 142 147 148 149 151 153 154 155 156 158 159 160 161 162 164 165
DB00250,Dapsone,51 55 58 59 60 61 64 67 73 81 84 88 96 102 112 124 130 131 133 135 136 142 148 151 156 158 159 161 162 164 165
DB00251,Terconazole,8 11 52 57 62 65 72 74 75 77 79 80 83 85 86 87 89 94 95 96 97 100 103 107 108 109 111 112 113 116 118 120 121 122 123 124 126 127 128 129 132 133 134 135 137 138 142 143 144 146 147 148 149 150 152 153 155 156 157 158 159 160 161 162 164 165
DB00252,Phenytoin,8 11 37 43 54 62 66 77 79 89 92 95 96 97 106 110 112 117 120 121 127 131 133 136 137 142 143 150 151 154 156 158 159 161 162 164 165
DB00253,Medrysone,11 26 50 66 76 91 96 99 104 108 112 115 116 118 127 128 129 132 136 139 141 143 146 147 149 150 152 154 157 159 160 164 165
DB00255,Diethylstilbestrol,50 76 96 99 108 113 114 127 129 131 139 143 149 152 155 157 159 160 162 164 165
DB00257,Clotrimazole,8 11 65 66 75 77 79 85 87 96 103 107 112 120 121 122 134 137 142 144 148 150 156 158 161 162 165
DB00261,Anagrelide,8 11 25 77 78 79 80 83 85 86 87 90 91 92 95 96 97 100 103 105 106 107 110 111 117 119 120 121 122 127 132 133 134 135 137 138 142 143 144 148 150 151 153 154 156 158 161 162 164 165
DB00262,Carmustine,37 52 63 70 71 77 79 82 89 90 91 94 95 97 100 102 103 104 106 110 111 117 118 119 122 124 128 130 134 136 138 142 147 148 151 153 154 155 156 158 159 161 164
DB00264,Metoprolol,54 72 74 82 90 93 95 96 97 100 104 109 113 115 116 126 127 131 132 138 139 141 143 146 147 149 151 152 153 155 156 157 158 159 160 161 162 164 165
DB00266,Dicumarol,57 83 89 90 96 105 113 120 123 127 131 136 137 139 140 143 144 146 150 152 154 155 157 159 162 164 165
DB00268,Ropinirole,8 11 85 86 90 91 92 96 100 104 105 108 110 111 114 115 117 118 121 122 127 128 129 132 133 135 137 138 142 143 144 147 148 149 151 153 154 155 156 158 160 161 162 164 165
DB00269,Chlorotrianisene,50 76 93 96 99 103 107 113 126 127 134 141 143 146 149 152 157 159 160 162 164 165
DB00270,Isradipine,8 11 45 50 57 62 65 71 74 76 77 79 83 93 94 96 97 99 102 105 120 121 123 124 126 130 133 136 137 140 141 142 146 149 150 151 152 154 156 157 158 159 160 161 162 164 165
DB00272,Betazole,8 11 52 53 65 69 80 82 84 90 94 100 104 111 120 121 124 131 137 142 147 151 153 155 156 158 161 162 165
DB00273,Topiramate,8 11 33 39 40 48 55 57 58 60 61 67 69 72 73 74 83 84 88 89 90 94 96 102 105 106 108 109 112 117 120 123 124 126 129 130 132 136 137 138 140 141 146 148 149 151 152 153 155 156 157 159 160 161 164 165
DB00275,Olmesartan,8 11 15 38 52 57 62 65 66 69 70 72 74 75 77 79 80 85 89 94 95 96 97 100 106 109 111 112 113 114 115 116 120 121 122 123 124 126 127 128 129 130 131 132 136 137 138 139 140 141 142 143 144 146 147 148 149 150 152 153 154 155 156 157 158 159 160 161 162 164 165
DB00276,Amsacrine,32 33 51 55 58 60 61 65 67 69 73 80 83 88 93 94 95 96 97 102 105 106 112 113 117 121 124 126 127 130 131 133 135 136 137 142 143 144 146 148 149 150 151 152 156 157 158 159 160 161 162 164 165
DB00277,Theophylline,8 11 37 38 65 75 77 79 80 83 85 89 92 93 95 96 97 105 106 110 113 117 120 121 122 127 136 137 142 143 144 148 149 150 154 156 158 159 160 161 162 164 165
DB00278,Argatroban,25 32 33 43 51 53 55 58 59 60 61 64 67 69 73 75 77 78 79 80 81 82 83 84 85 88 90 91 92 94 95 96 97 100 102 104 105 106 110 111 112 115 116 117 118 119 120 121 122 123 124 128 129 130 131 133 135 136 137 138 139 140 142 144 146 147 148 149 150 151 153 154 155 156 157 158 159 160 161 162 164 165
DB00279,Liothyronine,27 54 84 87 90 95 96 104 107 111 113 123 126 127 131 134 139 140 143 144 146 150 151 152 154 155 156 157 158 159 161 162 164 165
DB00280,Disopyramide,65 66 74 80 83 84 85 90 91 92 96 97 100 108 110 111 112 116 117 121 122 137 141 142 147 148 149 151 153 154 155 156 158 160 161 162 164 165
DB00281,Lidocaine,79 85 86 91 92 95 96 100 104 110 111 114 116 117 122 132 133 135 138 141 142 144 148 149 150 151 153 154 155 156 158 160 161 162 164 165
DB00282,Pamidronate,29 43 48 53 54 69 72 82 84 89 90 91 97 100 102 104 106 111 112 124 130 131 132 136 139 140 146 147 148 151 153 155 157 158 159 161 164
DB00283,Clemastine,8 11 66 75 85 87 93 96 97 100 103 107 108 109 111 112 115 116 118 121 122 126 128 129 132 133 134 137 138 147 148 149 150 152 153 155 156 157 158 160 161 162 164 165
DB00284,Acarbose,50 53 54 57 72 76 82 83 89 90 91 95 96 97 99 109 120 123 126 127 131 132 133 137 138 139 140 143 146 150 151 152 153 155 156 157 158 159 160 161 164 165
DB00285,Venlafaxine,66 74 85 90 91 93 96 97 100 104 112 113 115 118 122 126 127 128 129 132 139 141 143 147 148 149 152 153 155 157 158 159 160 161 162 164 165
DB00286,Conjugated Estrogens,11 35 39 40 48 49 55 58 60 61 66 67 73 88 96 102 106 108 112 113 115 116 118 124 126 127 128 129 130 132 136 140 143 144 146 147 148 150 152 154 157 159 160 162 164 165
DB00287,Travoprost,11 42 53 72 74 89 90 91 96 99 104 106 107 108 109 112 113 118 123 126 127 128 129 131 132 134 139 140 143 146 147 149 150 152 153 154 155 157 159 160 162 164 165
DB00288,Amcinonide,8 11 19 26 42 50 57 66 72 76 87 89 91 96 99 104 105 107 108 109 112 115 116 118 120 123 126 127 128 129 132 134 136 137 139 140 141 143 146 147 149 150 152 153 154 155 157 159 160 164 165
DB00289,Atomoxetine,82 93 96 97 100 104 111 113 115 116 126 127 132 143 144 147 149 150 151 152 153 155 157 158 160 161 162 164 165
DB00290,Bleomycin,8 11 23 36 38 47 49 53 54 57 61 62 65 72 74 77 79 80 81 82 83 84 88 89 90 91 92 93 95 96 97 100 104 106 108 109 110 111 115 116 117 118 120 121 123 126 127 129 131 132 133 135 136 137 138 139 140 141 142 143 144 146 147 148 149 150 151 152 153 154 155 156 157 158 159 160 161 162 164 165
DB00292,Etomidate,8 11 65 75 77 79 85 95 96 97 109 114 120 121 122 123 126 137 142 144 148 149 150 153 154 155 156 157 158 159 160 161 162 164 165
DB00293,Raltitrexed,8 11 36 38 47 54 65 77 80 81 83 85 88 90 91 92 93 95 96 97 100 104 105 110 111 113 115 117 120 121 122 123 127 131 132 133 135 136 137 139 140 142 143 146 147 148 149 151 153 154 155 156 157 158 159 160 161 162 164 165
DB00294,Etonogestrel,11 17 26 34 50 66 76 90 91 96 99 104 108 112 114 116 118 127 128 129 132 139 143 147 150 152 154 155 157 159 160 164 165
DB00295,Morphine,8 11 19 57 66 72 75 83 85 91 93 96 99 100 105 111 112 113 115 116 120 121 122 127 128 129 131 133 137 139 143 144 146 147 148 152 153 156 157 158 159 160 161 162 164 165
DB00296,Ropivacaine,75 79 83 85 86 90 91 92 95 96 100 108 110 111 114 115 117 118 121 122 128 129 133 135 137 138 141 142 144 147 148 149 150 151 153 154 155 156 158 160 161 162 164 165
DB00297,Bupivacaine,75 79 83 85 86 90 91 92 95 96 100 110 111 114 115 116 117 118 121 122 128 129 133 135 137 138 141 142 144 147 148 149 150 151 153 154 155 156 158 160 161 162 164 165
DB00298,Dapiprazole,8 11 38 52 62 65 75 77 79 80 83 85 86 94 96 100 105 108 111 118 120 121 122 124 128 129 133 135 137 138 142 144 147 148 150 153 155 156 158 160 161 162 165
DB00302,Tranexamic Acid,82 84 90 91 96 100 118 123 129 131 139 147 151 153 154 155 157 158 159 161 164 165
DB00304,Desogestrel,11 17 26 34 50 66 76 90 91 96 99 104 108 112 114 116 118 127 128 129 132 139 143 147 150 152 155 157 160 164 165
DB00306,Talbutal,34 37 66 75 77 80 83 85 89 92 93 96 97 99 106 108 110 112 114 115 116 117 120 121 122 127 129 133 136 137 141 142 143 146 148 149 150 154 155 156 158 159 160 161 164 165
DB00307,Bexarotene,34 50 66 74 76 96 99 112 115 116 123 139 141 144 147 149 150 154 157 159 160 162 164 165
DB00308,Ibutilide,32 33 51 55 58 60 61 67 69 73 85 86 88 90 91 93 94 96 100 102 104 106 108 111 112 114 115 116 117 118 122 124 128 129 130 131 132 133 135 136 138 139 141 142 146 147 148 149 151 152 153 155 156 157 158 159 160 161 162 164 165
DB00309,Vindesine,8 11 53 54 62 65 66 72 75 80 83 84 85 86 89 90 91 92 93 95 96 97 99 100 101 104 105 108 110 111 112 113 114 116 117 118 120 121 122 123 126 127 128 129 131 132 133 135 136 137 138 139 140 141 142 143 144 146 147 148 149 150 151 152 153 154 155 156 157 158 159 160 161 162 164 165
DB00310,Chlorthalidone,8 11 32 33 43 51 55 58 59 60 61 62 64 67 69 73 81 84 87 88 89 92 94 96 102 103 106 107 110 112 117 121 124 127 130 131 133 134 136 137 139 140 142 143 144 146 148 150 151 152 154 156 157 158 159 161 162 164 165
DB00311,Ethoxzolamide,8 11 32 33 36 47 51 55 58 59 60 61 64 65 67 69 73 79 81 84 88 94 95 96 102 105 106 109 112 113 114 117 120 121 124 126 127 130 136 137 142 143 146 148 151 152 153 155 156 157 159 160 161 162 164 165
DB00312,Pentobarbital,37 43 53 66 77 80 83 89 90 91 92 96 97 106 108 110 112 114 115 116 117 120 121 127 128 129 131 133 136 137 141 142 143 146 147 149 150 151 154 155 156 158 159 160 161 164 165
DB00313,Valproic Acid,90 91 108 114 115 118 123 128 129 139 147 149 154 155 157 159 160 164
DB00315,Zolmitriptan,8 11 23 57 65 74 85 90 91 93 95 96 100 104 105 106 109 110 111 115 116 117 120 121 122 123 127 131 133 137 138 142 143 147 148 149 151 153 154 155 156 157 158 159 160 161 162 164 165
DB00316,Acetaminophen,92 96 110 113 117 127 131 133 135 139 143 151 152 154 156 157 158 159 160 161 162 164 165
DB00317,Gefitinib,38 42 57 65 72 75 77 80 83 85 86 87 93 95 96 97 100 103 105 107 109 111 113 118 120 121 122 126 127 128 129 132 133 134 135 137 138 142 143 144 146 147 148 150 151 152 153 155 156 157 158 159 160 161 162 164 165
DB00318,Codeine,8 11 19 57 66 72 75 83 85 91 93 96 99 100 105 111 112 113 115 116 120 121 122 126 127 128 129 133 137 139 143 144 146 147 148 149 152 153 156 157 158 159 160 161 162 164 165
DB00320,Dihydroergotamine,8 11 23 53 57 65 72 75 79 80 83 85 89 90 91 92 93 95 96 97 100 105 106 108 110 111 112 115 116 117 118 120 121 122 123 127 128 129 131 133 136 137 138 139 140 142 143 146 147 148 149 150 151 152 153 154 155 156 157 158 159 160 161 162 164 165
DB00321,Amitriptyline,50 74 76 85 93 96 99 100 111 115 116 118 122 144 147 148 149 153 155 158 160 161 162 163 165
DB00322,Floxuridine,8 11 37 42 53 57 62 65 72 75 77 80 82 83 85 87 89 90 91 92 96 97 104 106 107 109 110 111 113 117 120 121 122 127 128 129 131 132 133 134 136 137 139 140 142 143 144 146 148 150 152 153 154 155 156 157 158 159 161 162 164 165
DB00323,Tolcapone,24 49 54 56 63 70 71 72 89 94 95 96 97 102 113 119 122 124 127 130 131 133 135 136 139 140 143 144 146 148 150 152 154 156 157 158 159 160 161 162 164 165
DB00324,Fluorometholone,11 26 42 50 66 72 76 87 90 91 96 99 104 107 108 112 115 116 127 128 129 131 132 134 136 139 140 141 143 146 147 149 150 152 154 157 159 160 164 165
DB00325,Nitroprusside,9 41 49 63 71 94 102 119 124 142 161 164
DB00327,Hydromorphone,8 11 19 57 66 72 75 83 85 93 96 100 105 108 111 112 113 115 116 118 120 121 122 127 128 129 132 133 137 139 143 144 146 147 148 152 153 154 156 157 158 159 160 161 162 164 165
DB00328,Indomethacin,8 11 65 75 85 87 92 93 96 103 104 105 107 110 113 116 117 121 122 123 126 127 132 134 136 137 139 140 143 144 146 148 149 150 152 154 155 156 157 158 159 160 161 162 164 165
DB00331,Metformin,25 43 53 74 77 78 80 84 85 93 106 119 122 131 142 148 149 151 156 158 160 161
DB00332,Ipratropium,8 11 30 49 74 75 82 83 85 89 93 96 97 105 108 109 111 112 116 121 122 123 126 127 128 129 132 133 137 139 141 143 146 147 148 149 152 153 154 155 156 157 158 159 160 161 162 163 164 165
DB00333,Methadone,66 74 85 93 96 108 111 112 114 115 116 122 129 132 141 148 149 152 154 155 156 158 160 161 162 164 165
DB00334,Olanzapine,8 11 21 26 36 38 45 47 50 62 75 76 77 78 79 80 81 83 85 86 88 90 91 93 96 98 99 100 105 111 115 116 118 119 120 121 122 129 133 135 137 138 142 144 147 148 149 151 153 156 158 160 161 162 163 165
DB00335,Atenolol,54 72 74 82 84 90 92 95 96 97 100 104 109 110 111 113 116 117 126 127 131 132 138 139 142 143 146 149 151 152 153 154 155 156 157 158 159 160 161 162 164 165
DB00337,Pimecrolimus,50 57 72 76 83 85 87 89 90 92 93 95 96 97 99 100 103 104 105 107 108 110 111 112 114 115 116 117 118 120 121 122 123 126 127 128 129 131 132 133 134 136 137 139 140 141 143 146 147 148 149 150 152 153 154 155 156 157 158 159 160 161 164 165
DB00338,Omeprazole,8 11 47 51 59 60 61 64 65 67 73 77 79 81 83 88 90 93 95 96 97 102 105 106 111 113 116 120 121 124 126 127 132 137 141 142 143 144 146 148 149 150 152 153 155 156 157 159 160 161 162 164 165
DB00339,Pyrazinamide,65 79 80 83 84 92 95 96 97 110 117 120 121 137 142 151 154 156 158 161 162 164 165
DB00340,Metixene,36 59 75 81 83 85 86 88 93 96 100 105 108 111 115 116 118 120 121 122 128 129 133 137 138 144 147 148 153 155 158 160 161 162 165
DB00341,Cetirizine,72 75 79 83 85 86 87 91 95 96 100 103 104 107 109 111 118 120 121 122 123 126 128 129 132 133 134 137 138 139 142 146 147 148 153 154 155 156 157 158 159 161 162 164 165
DB00342,Terfenadine,66 74 75 83 85 86 90 91 96 100 104 111 112 118 121 122 128 129 131 132 133 137 138 139 141 147 148 149 152 153 155 157 158 159 160 161 162 164 165
DB00343,Diltiazem,36 59 62 72 74 75 79 81 85 88 92 93 95 96 98 100 105 110 111 113 115 116 117 120 121 122 123 126 127 133 135 136 137 138 140 141 142 143 144 146 147 148 149 150 152 153 154 155 156 157 158 159 160 161 162 163 164 165
DB00344,Protriptyline,82 90 93 96 99 100 104 108 111 115 116 118 144 147 151 153 155 158 160 161 162 163 165
DB00346,Alfuzosin,8 11 25 38 57 65 72 77 80 82 83 84 85 90 91 92 93 95 96 97 100 104 105 106 108 109 110 111 113 115 116 117 118 120 121 122 126 127 128 131 132 133 135 137 138 140 141 142 143 144 146 147 148 149 150 151 152 153 154 155 156 157 158 159 160 161 162 164 165
DB00347,Trimethadione,8 11 23 57 66 72 74 75 85 89 92 93 95 106 110 112 117 120 121 122 123 127 133 136 137 141 143 146 148 149 150 152 154 156 157 158 159 160 161 164 165
DB00348,Nitisinone,24 42 49 56 63 70 71 89 94 96 97 102 106 107 112 118 119 122 124 127 130 132 133 134 135 136 140 143 144 146 147 148 150 152 154 156 158 159 161 162 164 165
DB00349,Clobazam,62 75 79 80 85 87 89 92 93 96 97 98 103 105 107 110 111 116 117 120 121 122 127 132 133 134 135 136 137 142 143 144 148 150 154 156 158 159 160 161 162 163 164 165
DB00350,Minoxidil,13 24 25 38 53 54 62 65 69 71 75 77 78 80 83 84 85 86 94 95 96 100 102 106 111 113 118 119 120 121 122 124 127 129 131 133 135 137 138 139 142 143 144 147 148 150 151 153 156 158 161 162 164 165
DB00351,Megestrol,11 26 50 66 72 76 90 91 96 99 104 108 112 115 116 118 127 128 129 132 136 139 141 143 146 147 149 150 152 154 157 159 160 164 165
DB00352,Thioguanine,8 11 25 38 43 47 53 54 59 64 65 73 77 79 80 81 83 84 88 96 105 106 120 121 131 133 135 137 142 151 156 158 161 162 165
DB00353,Methylergonovine,8 11 26 50 54 65 75 76 80 82 83 85 90 91 92 93 95 96 97 99 100 104 105 109 110 111 114 115 116 117 120 121 122 129 131 133 137 138 139 142 148 149 151 153 154 155 156 157 158 159 160 161 162 164 165
DB00354,Buclizine,66 74 75 79 83 85 86 87 96 100 103 107 111 112 118 120 121 122 129 133 134 137 138 141 142 147 148 149 153 155 156 158 160 161 162 165
DB00356,Chlorzoxazone,8 11 23 57 65 87 95 96 103 105 106 107 110 113 117 120 121 123 127 134 137 143 152 154 156 159 161 162 164 165
DB00357,Aminoglutethimide,62 66 83 84 89 90 91 92 96 104 108 110 111 112 114 116 117 121 127 129 131 132 133 135 136 137 142 143 147 150 151 154 155 156 158 159 160 161 162 164 165
DB00358,Mefloquine,42 54 65 82 83 90 91 95 96 100 104 105 106 107 111 112 118 120 121 129 131 133 134 137 139 142 147 151 152 153 156 157 158 161 162 164 165
DB00360,Tetrahydrobiopterin,25 38 43 53 54 65 72 77 79 80 82 83 84 90 91 92 95 96 97 100 104 105 106 108 110 111 113 117 120 121 127 131 133 135 137 139 142 143 144 146 151 152 153 154 156 157 158 159 160 161 162 164 165
DB00361,Vinorelbine,8 11 19 50 62 65 66 72 75 76 80 83 85 86 89 90 91 93 95 96 97 99 100 101 105 108 111 112 113 114 116 120 121 122 123 126 127 128 129 131 133 135 136 137 138 139 140 141 142 143 144 146 147 148 149 150 152 153 154 155 156 157 158 159 160 161 162 164 165
DB00363,Clozapine,21 26 38 45 50 62 75 76 77 78 79 80 83 85 86 87 90 91 93 96 98 99 100 103 105 107 111 115 116 118 119 120 121 122 129 133 134 135 137 138 142 144 147 148 151 153 156 158 160 161 162 163 165
DB00364,Sucralfate,8 11 18 39 40 48 55 57 58 60 61 67 69 72 73 83 88 89 90 96 102 106 109 112 120 123 124 126 127 130 131 132 136 137 138 139 140 143 146 148 150 152 153 155 157 159 164 165
DB00366,Doxylamine,65 66 74 83 85 93 95 96 100 108 109 111 112 115 116 121 122 126 132 137 138 141 142 147 148 149 152 153 155 156 157 158 160 161 162 164 165
DB00367,Levonorgestrel,11 17 26 50 66 76 90 91 96 99 104 108 112 114 116 118 127 128 129 132 139 143 147 150 152 154 155 157 159 160 164 165
DB00368,Norepinephrine,54 72 82 84 95 96 100 104 113 127 131 132 139 143 144 146 150 151 152 153 155 157 158 159 161 162 164 165
DB00370,Mirtazapine,38 65 75 77 79 83 85 86 93 96 98 100 105 111 115 116 120 121 122 128 129 133 135 137 138 142 144 147 148 153 156 158 160 161 162 163 165
DB00371,Meprobamate,23 66 84 89 90 106 108 109 110 112 114 115 116 117 123 126 129 131 136 138 140 142 146 147 149 151 153 154 155 156 157 158 159 160 161 164
DB00372,Thiethylperazine,36 59 64 75 79 80 81 83 85 86 88 93 96 100 105 111 114 115 116 118 120 121 122 128 129 133 135 137 138 142 144 147 148 149 153 155 156 158 160 161 162 165
DB00373,Timolol,8 11 33 36 38 54 57 58 62 65 66 67 72 74 75 77 79 80 82 83 85 86 88 90 92 94 95 96 97 100 104 109 110 111 112 113 116 117 118 120 121 122 124 126 127 129 130 131 132 133 135 137 138 139 141 142 143 144 146 147 148 149 150 151 152 153 155 156 157 158 159 160 161 162 164 165
DB00374,Treprostinil,11 72 90 91 96 104 108 109 113 114 115 116 118 123 126 127 128 129 131 132 139 140 143 144 146 147 150 152 153 154 155 157 159 160 162 164 165
DB00376,Trihexyphenidyl,66 75 83 85 86 90 91 96 97 100 104 111 112 118 121 122 128 129 132 133 137 138 139 147 148 152 153 155 157 158 161 162 164 165
DB00377,Palonosetron,62 75 79 83 85 86 92 96 100 110 111 117 118 120 121 122 127 128 129 133 137 138 142 143 144 147 148 150 153 154 156 158 161 162 164 165
DB00378,Dydrogesterone,11 26 50 66 76 96 99 108 112 115 116 118 127 128 129 132 136 141 143 147 149 150 152 154 159 160 164 165
DB00379,Mexiletine,84 95 96 104 108 109 111 113 115 126 127 141 143 144 149 150 151 152 153 155 156 157 158 160 161 162 164 165
DB00380,Dexrazoxane,75 79 83 85 86 89 91 92 95 96 100 104 108 110 111 115 116 117 120 121 122 127 129 131 132 133 136 137 138 140 142 143 146 148 151 153 154 155 156 158 159 160 161 164 165
DB00381,Amlodipine,45 50 62 76 82 83 84 86 87 91 93 95 96 97 99 100 103 104 107 108 109 111 114 121 123 126 129 131 132 133 134 136 137 138 140 141 142 144 146 147 149 150 151 153 154 155 156 157 158 159 160 161 162 164 165
DB00382,Tacrine,65 80 83 84 90 91 96 105 111 118 121 129 133 135 137 142 144 147 151 156 158 161 162 165
DB00383,Oxyphencyclimine,38 66 72 75 77 78 80 83 85 90 91 93 95 96 100 108 109 111 112 115 116 118 119 120 121 122 123 126 128 129 133 137 138 139 142 146 147 148 150 152 153 154 155 156 157 158 159 160 161 162 164 165
DB00384,Triamterene,25 38 53 62 65 77 79 80 83 84 96 105 106 120 121 131 133 135 137 142 144 150 151 156 158 161 162 165
DB00385,Valrubicin,42 54 57 66 72 83 89 90 91 92 93 95 96 97 104 106 107 108 109 110 111 112 113 114 115 116 117 118 123 126 127 128 129 131 132 133 134 136 137 139 140 141 143 144 146 147 149 150 151 152 153 154 155 156 157 158 159 160 161 162 164 165
DB00387,Procyclidine,8 11 66 75 85 86 90 91 96 97 100 104 111 112 118 121 122 128 129 132 133 137 138 139 147 148 152 153 155 157 158 161 162 164 165
DB00388,Phenylephrine,54 82 93 95 96 100 104 113 115 127 131 132 139 143 151 152 153 155 157 158 159 160 161 162 164 165
DB00389,Carbimazole,8 11 23 47 59 64 65 73 75 77 79 81 85 88 93 97 106 109 110 114 117 120 121 122 123 126 137 142 144 148 149 150 153 154 155 156 157 158 159 160 161 162 164 165
DB00390,Digoxin,8 11 50 53 54 57 62 66 72 76 83 89 90 91 96 99 104 108 109 112 115 116 118 120 123 126 127 128 129 131 132 137 139 140 141 143 146 147 149 150 152 153 154 157 159 160 164 165
DB00391,Sulpiride,8 11 32 33 51 55 58 59 60 61 64 67 69 73 75 79 81 82 84 85 86 88 89 90 91 92 93 94 96 97 100 102 106 108 110 111 112 113 114 116 117 118 121 122 124 126 127 128 129 130 131 133 136 137 138 140 142 143 144 146 147 148 149 150 151 152 153 154 155 156 157 158 159 160 161 162 164 165
DB00392,Ethopropazine,36 59 75 79 81 83 85 86 88 96 100 105 108 111 114 115 116 120 121 122 129 133 135 137 138 141 142 144 148 149 153 155 156 158 160 161 162 165
DB00393,Nimodipine,24 45 49 50 56 62 63 70 71 72 74 76 83 93 94 96 97 99 102 109 115 116 119 121 122 123 124 126 130 132 133 135 136 137 138 140 141 142 146 147 148 149 150 151 152 153 154 155 156 157 158 159 160 161 162 164 165
DB00394,Beclomethasone,11 26 50 53 66 72 76 82 87 89 90 91 96 99 103 104 107 108 109 112 115 116 127 128 129 131 132 134 136 139 140 141 143 146 147 149 150 152 153 154 155 157 159 160 164 165
DB00396,Progesterone,11 26 50 66 76 96 99 108 112 115 116 118 127 128 129 132 136 141 143 147 149 150 152 154 159 160 164 165
DB00397,Phenylpropanolamine,54 84 95 96 131 139 151 152 156 157 158 160 161 162 164 165
DB00398,Sorafenib,37 42 43 65 77 79 83 87 92 93 95 96 97 103 106 107 110 112 113 117 121 126 127 131 133 134 135 136 137 142 143 144 146 150 151 152 154 156 157 158 159 160 161 162 164 165
DB00399,Zoledronate,8 11 29 43 48 53 54 65 69 72 75 77 79 85 89 90 95 97 100 102 104 106 112 120 121 122 124 130 131 132 136 137 139 140 142 146 148 153 155 157 158 159 161 162 164 165
DB00401,Nisoldipine,24 45 49 50 56 62 63 70 71 74 76 83 93 94 96 97 99 102 109 115 119 121 122 123 124 126 130 133 135 136 137 140 141 142 144 146 148 149 150 151 153 154 155 156 157 158 159 160 161 162 164 165
DB00402,Eszopiclone,8 11 23 38 62 65 75 77 79 80 83 85 86 87 89 92 93 95 96 97 100 103 105 106 107 110 111 115 116 117 118 120 121 122 123 126 127 129 133 134 135 136 137 138 142 143 144 146 147 148 150 153 154 156 157 158 159 160 161 162 164 165
DB00403,Ceruletide,8 11 39 40 48 53 54 55 58 60 61 65 67 69 73 79 82 84 88 89 90 91 92 95 96 97 100 102 104 105 106 110 111 112 113 114 115 116 117 118 121 123 124 126 127 128 130 131 132 136 137 139 140 142 143 146 147 148 149 151 152 153 154 155 156 157 158 159 160 161 162 164 165
DB00404,Alprazolam,8 11 38 52 62 65 77 78 79 80 85 87 94 96 98 100 103 105 107 108 111 119 120 121 122 124 133 134 135 137 142 144 148 153 156 158 160 161 162 163 165
DB00405,Dexbrompheniramine,46 65 74 83 85 87 93 96 100 107 111 115 116 121 122 134 137 142 147 148 149 153 155 156 158 160 161 162 165
DB00407,Ardeparin,33 39 40 43 48 53 54 55 57 58 60 61 67 69 72 73 82 83 88 89 90 91 92 94 95 96 97 102 106 109 110 112 117 120 123 124 126 127 130 131 132 133 136 137 138 139 140 142 143 146 148 150 151 152 153 154 155 156 157 158 159 160 161 164 165
DB00408,Loxapine,38 57 62 75 77 78 79 83 85 86 87 93 95 96 97 98 100 103 105 107 111 113 115 116 118 119 120 121 122 129 133 134 135 137 138 142 144 147 148 152 153 156 157 158 160 161 162 163 164 165
DB00409,Remoxipride,8 11 46 75 79 82 85 86 87 89 90 91 92 93 96 97 100 107 108 110 111 113 114 116 117 118 121 122 126 127 128 129 133 134 137 138 141 142 143 144 146 147 148 149 150 151 152 153 154 155 156 157 158 159 160 161 162 164 165
DB00411,Carbachol,23 30 49 74 84 85 90 91 93 95 100 106 109 110 111 112 115 116 117 122 123 126 132 138 141 142 147 148 149 151 153 154 155 156 157 158 159 160 161 164
DB00412,Rosiglitazone,8 11 36 38 47 65 77 81 83 85 88 89 90 91 92 93 95 96 100 106 109 110 111 113 115 116 117 120 121 122 126 127 132 133 135 136 137 138 142 143 146 147 148 150 151 152 153 154 155 156 157 158 159 160 161 162 164 165
DB00413,Pramipexole,8 11 36 47 65 77 81 82 84 88 90 91 96 100 104 105 106 111 114 115 118 120 121 128 129 131 133 135 137 142 144 147 151 153 155 156 158 160 161 162 165
DB00414,Acetohexamide,32 33 37 43 51 55 58 59 60 61 64 67 69 73 77 81 88 89 90 91 94 96 97 102 104 106 110 111 112 117 118 124 129 130 131 133 136 140 142 146 147 148 151 152 154 156 158 159 160 161 162 164 165
DB00416,Metocurine Iodide,27 30 49 57 72 74 75 83 85 89 93 96 97 100 105 111 112 113 115 116 118 120 121 122 126 127 128 129 133 134 137 138 140 141 142 143 144 146 147 148 149 150 152 153 156 157 158 159 160 161 162 164 165
DB00418,Secobarbital,34 37 43 53 66 77 80 83 89 90 91 92 96 97 99 106 110 112 114 115 116 117 120 121 127 128 129 131 133 136 137 142 143 146 147 149 150 151 154 155 156 158 159 160 161 164 165
DB00419,Miglustat,53 54 72 75 82 83 85 86 89 90 91 95 96 97 100 104 109 111 114 115 116 118 121 122 127 128 129 131 132 133 137 138 139 140 143 146 147 148 150 152 153 155 156 157 158 159 160 161 164 165
DB00420,Promazine,36 59 74 75 80 81 83 85 88 93 96 100 105 108 111 115 116 118 120 121 122 133 135 137 138 142 144 147 148 149 153 155 156 158 160 161 162 165
DB00421,Spironolactone,8 11 26 50 57 64 66 76 81 88 96 99 105 108 112 115 116 118 123 127 128 129 132 136 137 140 141 143 146 147 149 152 154 157 159 160 164 165
DB00422,Methylphenidate,82 83 90 91 93 96 97 100 104 111 118 121 123 126 129 133 137 147 151 153 154 156 157 158 159 160 161 162 164 165
DB00424,Hyoscyamine,8 11 75 82 83 85 89 93 96 97 105 108 109 111 116 121 122 123 126 127 128 129 132 133 137 139 143 146 147 148 152 153 154 155 156 157 158 159 160 161 162 163 164 165
DB00425,Zolpidem,8 11 38 62 65 74 77 79 80 83 85 92 93 96 97 105 110 111 116 117 120 121 122 132 137 141 142 144 148 149 150 154 155 156 158 160 161 162 164 165
DB00427,Triprolidine,8 11 50 65 75 76 83 85 86 96 99 100 111 118 120 121 122 128 129 133 137 138 142 147 148 153 155 156 158 160 161 162 165
DB00429,Carboprost Tromethamine,11 53 66 89 90 91 99 104 108 112 114 115 116 118 123 127 128 129 131 132 139 140 143 146 147 149 150 152 154 155 157 159 160 164 165
DB00432,Trifluridine,8 11 37 42 53 57 62 65 72 75 77 80 82 83 85 89 90 91 92 96 97 104 106 107 109 110 111 112 113 117 120 121 122 127 128 129 131 132 133 134 136 137 139 140 142 143 144 146 148 150 152 153 154 155 156 157 158 159 161 162 164 165
DB00433,Prochlorperazine,36 59 75 79 80 81 83 85 86 87 88 93 96 100 103 105 107 111 115 116 118 120 121 122 128 129 133 134 135 137 138 142 144 147 148 153 155 156 158 160 161 162 165
DB00434,Cyproheptadine,50 62 75 76 83 85 86 93 96 99 100 111 115 116 118 121 122 129 133 137 138 144 147 148 153 158 160 161 162 163 165
DB00435,Nitric Oxide,63 71 94 102 119 124 161 164
DB00436,Bendroflumethiazide,32 33 36 38 42 43 51 53 55 58 59 60 61 64 67 69 73 77 80 81 83 84 88 94 96 97 102 104 105 106 107 111 112 117 120 121 124 127 130 131 133 134 135 136 137 140 142 143 144 146 148 150 151 155 156 158 159 161 162 164 165
DB00437,Allopurinol,8 11 38 52 53 65 68 69 77 79 80 83 92 94 96 97 105 110 113 117 120 121 124 127 131 137 142 143 154 156 161 162 164 165
DB00439,Cerivastatin,42 53 62 65 74 83 87 89 91 93 96 97 99 104 107 108 109 115 121 123 126 131 132 134 137 139 140 141 144 146 149 150 152 153 154 155 156 157 159 160 161 162 164 165
DB00440,Trimethoprim,25 38 53 65 72 77 80 83 84 89 90 93 96 106 113 120 121 126 127 131 133 135 137 141 142 143 144 146 149 150 151 152 155 156 157 158 159 160 161 162 164 165
DB00441,Gemcitabine,8 11 37 38 42 53 57 62 65 72 75 77 80 82 83 84 85 87 89 90 92 96 97 106 107 109 110 112 113 117 120 121 122 127 131 132 133 134 135 137 139 140 142 143 144 146 148 150 151 152 153 154 155 156 157 158 159 161 162 164 165
DB00443,Betamethasone,11 26 42 50 53 66 72 76 82 87 89 90 91 96 99 104 107 108 109 112 115 116 127 128 129 131 132 134 136 139 140 141 143 146 147 149 150 152 153 154 155 157 159 160 164 165
DB00444,Teniposide,8 11 28 36 54 57 62 72 81 83 88 89 91 93 96 105 109 113 120 123 126 127 131 132 137 138 139 140 143 144 146 149 150 152 153 154 157 159 160 162 164 165
DB00445,Epirubicin,53 54 57 66 72 82 83 84 89 90 91 93 95 96 97 104 108 109 111 112 113 123 126 127 128 129 131 132 133 136 137 139 140 143 144 146 149 150 151 152 153 154 155 156 157 158 159 160 161 162 164 165
DB00446,Chloramphenicol,24 49 53 54 56 63 70 71 82 89 90 92 94 95 96 102 103 104 107 109 110 111 117 119 122 124 130 131 133 134 135 136 139 140 142 146 148 151 152 153 154 155 156 157 158 159 161 162 164 165
DB00448,Lansoprazole,8 11 42 47 51 59 60 61 64 65 67 73 77 79 81 83 88 90 95 96 97 102 105 106 107 108 109 111 112 113 116 120 121 124 126 127 132 134 137 138 142 143 144 148 150 152 153 155 156 157 159 160 161 162 164 165
DB00449,Dipivefrin,54 66 72 74 82 93 95 96 100 104 112 113 115 123 126 127 131 132 136 139 140 141 143 144 146 149 150 151 152 153 154 155 157 158 159 160 161 162 164 165
DB00450,Droperidol,8 11 37 42 45 62 65 75 76 77 79 80 83 85 86 87 91 96 99 100 105 106 107 110 111 113 117 118 120 121 122 127 128 129 132 133 134 136 137 138 142 143 144 147 148 150 152 153 154 155 156 158 159 161 162 164 165
DB00451,Levothyroxine,27 54 84 87 90 95 96 104 107 111 113 123 126 127 131 134 139 140 143 144 146 150 151 152 154 155 156 157 158 159 161 162 164 165
DB00452,Framycetin,8 11 53 54 57 72 80 82 83 84 89 90 91 95 96 97 100 104 109 111 120 123 126 127 131 132 133 137 138 139 140 142 143 146 150 151 152 153 155 156 157 158 159 161 164 165
DB00454,Meperidine,62 66 75 83 85 86 93 96 100 109 111 112 114 115 116 118 121 122 123 126 128 129 133 137 138 147 148 149 153 154 155 157 158 159 160 161 162 164 165
DB00455,Loratadine,23 50 62 65 75 76 83 85 86 87 96 99 100 103 105 106 107 109 110 111 114 117 118 120 121 122 123 126 128 129 133 134 137 138 142 144 147 148 153 154 155 156 157 158 159 160 161 162 163 164 165
DB00456,Cefalotin,8 11 16 19 22 36 45 47 50 76 79 81 83 85 88 91 92 95 96 97 99 104 105 109 110 111 116 117 120 121 122 123 126 127 131 132 133 136 137 138 139 140 142 143 146 148 150 151 153 154 155 156 157 158 159 160 161 162 164 165
DB00457,Prazosin,8 11 25 38 57 62 65 72 75 77 79 80 83 84 85 86 92 93 95 96 97 100 105 106 110 111 113 117 118 120 121 122 126 127 129 133 135 137 138 140 142 143 144 146 147 148 149 150 151 152 153 154 156 157 158 159 160 161 162 164 165
DB00458,Imipramine,74 75 80 85 93 96 98 100 105 108 111 115 116 118 121 122 128 133 135 137 138 142 144 147 148 149 153 155 156 158 160 161 162 163 165
DB00459,Acitretin,50 76 93 96 99 113 123 126 127 139 141 143 144 146 149 150 152 154 157 159 160 162 164 165
DB00461,Nabumetone,93 96 113 115 116 126 127 132 143 147 149 152 154 155 157 159 160 162 164 165
DB00462,Methylscopolamine,8 11 19 30 49 57 74 75 82 83 85 89 93 95 96 97 105 109 111 112 116 120 121 122 123 126 127 132 133 137 139 140 143 146 148 149 152 153 154 155 156 157 158 159 160 161 162 163 164 165
DB00463,Metharbital,37 66 75 77 80 83 85 89 90 92 93 96 97 106 108 110 112 114 116 117 120 121 122 127 133 136 137 141 142 143 146 148 149 150 151 154 155 156 158 159 160 161 164 165
DB00464,Sodium Tetradecyl Sulfate,39 40 48 55 58 60 61 67 69 73 88 90 91 102 106 108 109 112 114 115 116 118 124 126 128 129 130 132 136 139 140 146 147 148 153 155 157 159 160 164
DB00465,Ketorolac,8 11 19 65 85 90 91 95 96 97 100 105 111 121 122 123 133 136 137 139 144 146 147 148 152 153 154 156 157 158 159 161 162 164 165
DB00466,Picrotoxin,8 11 19 34 50 57 66 72 74 76 83 89 96 98 99 104 105 108 112 116 120 123 127 131 132 136 137 139 140 141 143 145 146 149 150 152 154 157 159 160 163 164 165
DB00467,Enoxacin,38 42 62 65 75 77 79 80 82 83 85 86 87 89 91 96 97 100 104 105 107 111 113 114 118 120 121 122 123 127 129 131 133 134 135 136 137 138 139 142 143 144 146 147 148 150 151 152 153 154 155 156 157 158 159 160 161 162 164 165
DB00468,Quinine,34 65 83 85 86 90 91 93 95 96 99 100 105 111 113 120 121 122 126 127 129 133 137 138 139 142 143 147 148 152 153 156 157 158 159 160 161 162 164 165
DB00469,Tenoxicam,8 11 21 32 33 36 38 43 45 51 55 58 59 60 61 65 67 73 75 76 77 79 81 83 88 89 92 93 94 95 96 97 99 102 105 106 110 112 117 120 121 122 124 127 130 131 133 135 136 137 139 140 142 143 144 146 148 150 151 152 154 156 157 158 159 160 161 162 164 165
DB00470,Marinol,50 57 66 74 76 83 89 91 96 99 105 108 112 113 114 115 116 118 127 129 137 139 141 143 144 147 149 152 155 157 159 160 162 164 165
DB00471,Montelukast,65 66 74 81 83 87 88 91 96 99 103 104 105 107 108 112 121 123 128 129 131 132 134 137 139 144 146 147 149 150 152 153 154 155 156 157 159 160 161 162 164 165
DB00472,Fluoxetine,42 82 93 96 97 100 104 106 107 111 112 113 115 116 126 127 132 134 143 147 151 152 153 155 157 158 160 161 162 164 165
DB00473,Hexylcaine,82 90 91 95 96 100 104 111 115 118 123 126 128 129 132 133 147 151 152 153 154 155 156 157 158 159 160 161 162 164 165
DB00474,Methohexital,17 34 37 66 75 77 80 83 85 89 90 92 93 96 97 99 106 108 110 112 114 116 117 120 121 122 127 133 136 137 141 142 143 146 148 149 150 151 154 155 156 158 159 160 161 164 165
DB00475,Chlordiazepoxide,13 24 26 38 45 50 62 69 71 75 76 77 78 79 80 87 93 94 96 97 98 99 100 102 103 104 105 107 111 116 119 120 121 122 124 127 132 133 134 135 137 139 142 143 144 148 150 153 156 158 160 161 162 163 164 165
DB00476,Duloxetine,8 11 36 81 82 88 93 96 97 100 104 111 113 115 116 126 127 132 137 143 147 151 152 153 155 157 158 160 161 162 164 165
DB00477,Chlorpromazine,36 59 74 75 80 81 83 85 87 88 93 96 100 103 105 107 108 111 115 116 118 120 121 122 133 134 135 137 138 142 144 147 148 149 153 155 156 158 160 161 162 165
DB00480,Lenalidomide,8 11 62 75 79 80 83 84 85 89 90 91 92 95 96 100 104 110 111 117 120 121 122 127 128 129 131 132 133 135 136 137 142 143 144 146 147 148 150 151 153 154 156 158 159 161 162 164 165
DB00481,Raloxifene,8 11 36 62 75 81 83 85 86 88 95 96 100 105 109 111 113 118 120 121 122 126 127 128 129 131 132 133 137 138 139 140 143 144 146 147 148 150 152 153 154 155 157 158 159 161 162 164 165
DB00482,Celecoxib,8 11 32 33 42 51 52 55 58 59 60 61 62 64 65 67 69 73 75 80 81 84 88 94 96 102 106 107 112 117 120 121 122 124 130 133 134 135 136 137 142 144 148 150 151 156 158 159 160 161 162 164 165
DB00483,Gallamine Triethiodide,72 85 86 89 95 96 100 108 109 111 113 114 116 118 122 126 127 129 132 138 141 142 143 144 146 147 148 149 150 152 153 155 157 158 159 160 161 162 164 165
DB00484,Brimonidine,8 11 25 43 46 65 77 78 79 80 82 83 87 90 91 96 100 104 105 106 107 111 119 120 121 131 133 134 135 137 138 142 144 147 150 151 153 156 158 161 162 165
DB00486,Nabilone,57 66 74 83 89 91 96 105 108 112 113 114 115 116 118 127 128 129 132 137 139 141 143 144 146 147 149 152 154 155 157 159 160 162 164 165
DB00487,Pefloxacin,42 62 65 75 79 80 83 85 86 87 89 93 96 97 100 105 107 111 113 114 115 116 118 120 121 122 123 127 129 133 134 135 136 137 138 139 142 143 144 146 147 148 149 150 152 153 154 155 156 157 158 159 160 161 162 164 165
DB00489,Sotalol,32 33 51 54 55 58 60 61 67 69 73 74 82 88 93 94 95 96 100 102 104 106 112 116 117 124 130 131 132 133 135 136 139 141 142 146 148 149 151 152 153 155 156 157 158 159 160 161 162 164 165
DB00490,Buspirone,11 25 62 65 66 75 77 79 80 83 85 86 89 92 96 100 106 110 111 112 117 118 120 121 122 127 128 129 132 133 135 136 137 138 142 143 147 148 150 153 154 155 156 158 159 161 162 164 165
DB00491,Miglitol,53 54 72 75 82 83 85 86 89 90 91 95 96 97 100 104 109 111 121 122 127 128 129 131 132 133 137 138 139 140 143 146 147 148 150 152 153 155 156 157 158 159 161 164 165
DB00492,Fosinopril,8 11 29 62 74 75 85 86 89 90 91 92 95 96 97 100 102 110 111 112 114 117 118 121 122 123 124 126 128 129 130 132 133 136 137 138 139 140 141 146 147 148 149 150 153 154 155 156 157 158 159 160 161 162 164 165
DB00494,Entacapone,24 41 49 50 54 56 63 70 71 72 76 80 85 86 89 92 94 95 96 97 99 100 102 110 113 114 116 117 119 122 124 127 130 131 133 135 136 138 139 140 142 143 144 146 148 149 150 152 153 154 155 156 157 158 159 160 161 162 164 165
DB00496,Darifenacin,8 11 57 66 75 84 85 86 91 92 96 100 105 109 110 111 112 113 117 118 120 121 122 128 129 132 133 137 138 142 144 147 148 151 152 153 154 155 156 157 158 159 161 162 164 165
DB00497,Oxycodone,8 11 19 57 66 72 75 83 85 89 90 91 93 95 96 100 104 105 108 111 112 113 115 116 118 120 121 122 126 127 128 129 132 133 137 139 140 143 144 146 147 148 149 152 153 154 156 157 158 159 160 161 162 164 165
DB00498,Phenindione,11 62 89 96 127 136 143 144 150 152 154 159 162 164 165
DB00499,Flutamide,24 42 49 56 63 70 71 74 92 94 96 102 106 107 110 112 117 119 122 124 130 133 134 135 136 142 144 146 148 149 150 151 154 156 158 159 160 161 162 164 165
DB00500,Tolmetin,8 11 65 75 85 93 95 96 97 104 111 116 121 122 123 132 136 137 139 144 146 148 149 150 152 154 155 156 157 158 159 160 161 162 164 165
DB00501,Cimetidine,8 11 25 41 43 65 77 78 79 80 82 86 88 90 91 93 100 104 106 108 111 116 119 120 121 129 131 137 138 142 144 147 149 150 151 153 155 156 158 160 161 162 165
DB00502,Haloperidol,42 62 66 75 83 85 86 87 90 96 97 100 103 104 107 111 112 118 121 122 127 128 129 132 133 134 137 138 139 143 147 148 152 153 154 155 157 158 159 161 162 164 165
DB00504,Levallorphan,19 34 66 75 83 85 86 96 99 100 105 111 112 113 118 121 122 127 128 129 133 137 138 139 143 144 147 148 152 153 155 156 157 158 161 162 164 165
DB00505,Tridihexethyl,30 49 66 85 86 90 91 96 97 100 104 108 111 112 114 116 118 122 128 129 132 138 139 141 147 148 149 152 153 155 157 158 160 161 162 164 165
DB00506,Norgestrel,11 17 26 50 66 76 90 91 96 99 104 108 112 114 116 118 127 128 129 132 139 143 147 150 152 154 155 157 159 160 164 165
DB00508,Triflupromazine,36 42 59 74 75 80 81 83 85 88 93 96 100 105 106 107 108 111 112 115 116 118 120 121 122 133 134 135 137 138 142 144 147 148 149 153 155 156 158 160 161 162 165
DB00510,Divalproex sodium,35 49 90 91 108 114 115 118 123 128 129 136 139 140 141 146 147 149 154 155 157 159 160 164
DB00511,Acetyldigitoxin,8 11 50 57 62 66 72 76 83 89 90 91 96 99 104 108 109 112 115 116 118 120 123 126 127 128 129 131 132 136 137 139 140 141 143 146 147 149 150 152 153 154 157 159 160 164 165
DB00513,Aminocaproic Acid,82 84 90 91 100 104 111 118 123 128 129 131 132 139 147 151 153 154 155 157 158 159 161 164
DB00514,Dextromethorphan,19 66 75 83 85 93 96 100 105 108 111 112 113 115 116 118 121 122 126 127 128 129 133 137 143 144 147 148 149 152 153 156 157 158 160 161 162 164 165
DB00517,Anisotropine Methylbromide,8 11 30 46 49 74 75 83 85 93 96 97 105 108 111 112 114 115 116 118 121 122 123 126 127 128 129 132 133 134 137 141 143 147 148 149 152 154 155 156 157 158 159 160 161 163 164 165
DB00519,Trandolapril,8 11 75 79 85 90 91 92 95 96 104 105 108 109 110 111 114 117 118 121 122 123 126 128 129 131 133 136 137 139 140 142 146 147 148 149 150 151 153 154 155 156 157 158 159 160 161 162 164 165
DB00521,Carteolol,54 66 72 74 82 83 90 91 92 95 96 97 100 104 105 109 110 111 112 113 116 117 121 126 127 128 131 132 133 135 137 138 139 141 142 143 144 146 147 149 151 152 153 154 155 156 157 158 159 160 161 162 164 165
DB00522,Bentiromide,54 79 90 92 95 96 104 110 111 113 117 123 127 131 133 135 136 139 140 142 143 146 151 152 154 155 156 157 158 159 161 162 164 165
DB00523,Alitretinoin,50 66 74 76 96 99 108 112 115 116 118 123 139 141 147 149 150 154 157 159 160 164 165
DB00524,Metolazone,32 33 38 51 55 58 59 60 61 62 64 67 69 73 75 77 80 81 83 84 85 87 88 92 94 96 97 102 103 105 106 107 110 112 117 120 121 122 124 127 130 131 133 134 135 136 137 142 143 144 146 148 149 150 151 154 156 158 159 160 161 162 164 165
DB00527,Dibucaine,65 79 82 83 85 86 91 92 96 100 104 105 108 109 110 111 113 114 115 116 117 118 121 122 126 127 129 132 137 138 141 142 143 147 148 149 151 153 154 155 156 157 158 159 160 161 162 164 165
DB00528,Lercanidipine,24 45 49 50 56 62 63 66 70 71 74 76 83 85 86 93 94 95 96 97 99 100 102 108 111 112 115 116 119 121 122 123 124 126 129 130 132 133 135 136 137 138 140 141 142 146 147 148 149 150 151 152 153 154 155 156 157 158 159 160 161 162 164 165
DB00530,Erlotinib,17 38 65 72 77 80 83 93 96 97 105 109 113 115 116 118 120 121 126 127 132 133 135 137 138 140 142 143 144 146 147 149 150 151 152 153 155 156 157 158 159 160 161 162 164 165
DB00532,Mephenytoin,8 11 37 62 66 75 77 79 85 89 92 93 95 96 97 104 106 108 110 111 112 114 117 120 121 122 127 133 136 137 142 143 148 149 150 151 154 155 156 158 159 160 161 162 164 165
DB00533,Rofecoxib,8 11 50 51 55 57 58 59 60 61 62 64 67 73 76 81 88 93 96 99 102 109 112 123 124 127 130 136 137 140 143 146 148 150 153 154 157 159 160 162 164 165
DB00534,Chlormerodrin,12 31 37 43 77 82 84 90 93 95 100 103 106 110 116 117 124 126 131 132 134 138 142 151 152 153 154 155 156 157 158 159 160 161 164
DB00535,Cefdinir,8 11 16 19 22 24 34 36 45 47 50 53 65 69 71 76 77 78 79 80 81 83 84 85 88 89 91 92 94 95 96 97 99 102 105 106 110 117 119 120 121 122 123 124 127 131 133 135 136 137 139 140 142 143 146 148 150 151 153 154 156 157 158 159 161 162 164 165
DB00536,Guanidine,25 43 77 78 84 106 119 131 142 151 156 158 161
DB00537,Ciprofloxacin,42 62 65 75 79 80 82 83 85 86 87 89 91 96 97 100 104 105 107 111 113 118 120 121 122 123 127 129 131 133 134 135 136 137 138 139 142 143 144 146 147 148 150 151 152 153 154 156 157 158 159 161 162 164 165
DB00539,Toremifene,50 74 76 85 93 95 96 99 100 103 109 111 113 115 116 118 122 126 127 132 134 138 143 147 148 149 152 153 155 157 158 160 161 162 164 165
DB00540,Nortriptyline,50 76 82 93 96 99 100 104 111 115 116 118 144 147 151 153 155 158 160 161 162 163 165
DB00541,Vincristine,8 11 62 65 66 72 75 80 83 85 86 89 90 91 93 95 96 97 99 100 101 104 105 108 110 111 112 113 114 116 117 118 120 121 122 123 126 127 128 129 131 132 133 135 136 137 138 139 140 141 142 143 144 146 147 148 149 150 152 153 154 155 156 157 158 159 160 161 162 164 165
DB00542,Benazepril,75 79 85 90 91 92 95 96 98 100 104 105 109 110 111 114 117 118 121 122 123 126 127 128 131 132 133 135 136 137 138 139 140 142 143 144 146 147 148 150 151 153 154 155 156 157 158 159 160 161 162 163 164 165
DB00543,Amoxapine,38 57 62 75 77 78 79 82 83 85 86 87 91 95 96 97 98 100 103 104 105 107 111 113 118 119 120 121 122 129 133 134 135 137 138 142 144 147 148 151 152 153 156 157 158 161 162 163 164 165
DB00544,Fluorouracil,37 42 43 53 65 77 80 83 87 89 92 96 97 106 107 110 113 117 120 121 127 131 134 136 137 142 143 144 150 154 156 159 161 162 164 165
DB00545,Pyridostigmine,23 49 65 74 75 83 85 93 95 96 106 110 113 117 121 122 123 126 127 137 141 142 143 148 149 152 154 156 157 158 159 160 161 162 164 165
DB00546,Adinazolam,8 11 38 52 62 65 74 77 78 79 80 85 87 93 94 96 98 100 103 105 107 111 115 119 120 121 122 124 128 133 134 135 137 138 142 144 148 149 153 155 156 158 160 161 162 163 165
DB00547,Desoximetasone,11 26 42 50 66 72 76 82 87 91 96 99 104 107 108 109 112 115 116 127 128 129 131 132 134 136 139 140 141 143 146 147 149 150 152 153 154 155 157 159 160 164 165
DB00548,Azelaic Acid,90 91 104 118 123 128 129 131 132 136 139 140 146 147 154 155 157 159 164
DB00549,Zafirlukast,8 11 23 32 33 51 55 58 59 60 61 64 65 67 69 73 75 81 85 88 89 91 92 93 94 96 102 105 106 108 110 112 113 117 118 121 122 123 124 126 127 130 131 132 133 135 136 137 140 141 142 143 144 146 147 148 149 150 151 152 154 155 156 157 158 159 160 161 162 164 165
DB00550,Propylthiouracil,43 47 53 59 64 65 73 77 80 81 83 88 90 91 92 96 97 104 106 110 111 113 114 115 117 120 121 127 131 137 142 143 147 154 155 156 160 161 162 164 165
DB00551,Acetohydroxamic Acid,24 68 69 71 72 92 94 102 110 117 124 131 139 151 154 156 158 159 160 161 164
DB00552,Pentostatin,8 11 38 53 57 62 65 72 75 77 78 79 80 82 85 89 90 91 92 95 97 98 100 104 105 109 110 111 117 119 120 121 122 127 128 129 131 132 133 135 137 138 139 140 142 143 144 146 148 150 151 152 153 155 156 157 158 159 161 162 163 164 165
DB00553,Methoxsalen,8 11 57 72 83 89 93 96 105 113 120 123 126 127 137 140 143 146 152 154 157 159 160 162 164 165
DB00554,Piroxicam,21 32 33 36 38 43 45 51 55 58 59 60 61 65 67 73 75 76 77 79 81 83 88 89 92 93 94 95 96 97 99 102 105 106 110 112 117 120 121 122 124 127 130 131 133 135 136 137 139 140 142 143 144 146 148 150 151 152 154 156 157 158 159 160 161 162 164 165
DB00555,Lamotrigine,25 38 52 53 62 65 77 79 80 83 84 87 94 96 103 106 107 120 121 124 131 133 134 135 137 142 144 150 151 156 158 161 162 165
DB00557,Hydroxyzine,72 75 79 82 83 85 86 87 91 95 96 100 103 104 107 109 111 118 120 121 122 126 128 129 132 133 134 137 138 139 142 147 148 153 155 156 157 158 159 161 162 164 165
DB00559,Bosentan,32 33 38 51 55 58 59 60 61 62 64 65 66 67 69 72 73 74 77 79 80 81 82 83 88 92 93 94 95 96 97 102 104 106 109 110 112 113 117 120 121 124 126 127 130 131 132 133 135 136 137 138 139 140 141 142 143 144 146 147 148 149 150 151 152 153 155 156 157 158 159 160 161 162 164 165
DB00562,Benzthiazide,32 33 36 38 51 55 58 59 60 61 64 67 69 73 77 78 80 81 83 84 86 87 88 91 94 96 97 102 103 104 105 106 107 111 112 117 119 120 121 124 127 130 131 133 134 135 136 137 138 140 142 143 144 146 148 150 151 153 155 156 158 159 161 162 164 165
DB00563,Methotrexate,25 38 53 54 65 77 79 80 83 84 85 90 91 92 93 95 96 100 104 105 106 110 111 115 117 120 121 122 123 131 132 133 135 136 137 139 140 142 146 147 148 151 153 154 155 156 157 158 159 160 161 162 164 165
DB00564,Carbamazepine,37 75 77 84 85 96 98 99 105 106 110 117 121 122 133 135 137 142 144 148 151 154 156 158 161 162 163 164 165
DB00565,Cisatracurium Besylate,30 39 40 48 49 51 55 58 59 60 61 64 67 72 73 75 81 83 85 86 88 93 96 97 100 102 106 109 111 112 113 115 116 118 120 121 122 123 124 126 127 128 129 130 132 133 136 137 138 140 141 142 143 144 146 147 148 149 150 152 153 154 155 156 157 158 159 160 161 162 164 165
DB00568,Cinnarizine,75 79 83 85 86 96 99 100 111 118 120 121 122 129 133 137 138 142 147 148 153 155 156 158 161 162 165
DB00569,Fondaparinux sodium,33 35 39 40 48 49 53 54 55 57 58 60 61 67 69 72 73 83 88 89 90 91 93 94 95 96 97 102 106 109 112 117 120 123 124 126 127 130 131 132 133 136 137 138 139 140 142 143 146 148 150 151 152 153 154 155 156 157 158 159 160 161 164 165
DB00570,Vinblastine,8 11 62 65 66 72 75 80 83 85 86 89 90 91 93 95 96 97 99 100 101 104 105 108 111 112 113 114 116 118 120 121 122 123 126 127 128 129 131 132 133 135 136 137 138 139 140 141 142 143 144 146 147 148 149 150 152 153 154 155 156 157 158 159 160 161 162 164 165
DB00571,Propranolol,54 72 74 82 90 95 96 97 100 104 109 113 116 126 127 131 132 138 139 143 149 151 152 153 155 156 157 158 159 160 161 162 164 165
DB00572,Atropine,8 11 75 82 83 85 89 93 96 97 105 108 109 111 116 121 122 123 126 127 128 129 132 133 137 139 143 146 147 148 152 153 154 155 156 157 158 159 160 161 162 163 164 165
DB00573,Fenoprofen,96 113 123 126 127 139 143 146 152 154 157 159 160 162 164 165
DB00574,Fenfluramine,42 82 96 100 104 106 107 108 111 112 114 115 116 129 134 149 151 153 155 156 158 160 161 162 165
DB00575,Clonidine,8 11 25 43 77 78 79 82 87 90 91 96 100 103 104 106 107 111 119 120 121 131 133 134 135 137 138 142 144 147 150 151 153 156 158 161 162 165
DB00576,Sulfamethizole,8 11 32 33 36 47 51 52 55 58 59 60 61 64 65 67 69 73 77 79 80 81 84 88 94 96 97 102 106 112 117 120 121 124 130 131 133 135 136 137 142 148 151 156 158 159 160 161 162 164 165
DB00579,Mazindol,8 11 19 38 62 77 78 79 85 87 90 91 92 96 97 100 103 105 107 110 111 112 117 119 120 121 122 127 133 134 137 138 139 142 143 144 147 148 152 153 156 157 158 161 162 164 165
DB00580,Valdecoxib,8 11 32 33 51 55 57 58 59 60 61 62 64 65 67 69 71 73 81 84 88 94 96 97 102 106 112 117 120 121 124 130 136 137 142 144 146 148 150 151 152 156 159 160 161 162 164 165
DB00583,L-Carnitine,30 49 74 85 89 93 95 100 104 108 112 115 122 123 132 139 141 146 148 149 152 153 154 155 157 158 159 160 161 164
DB00584,Enalapril,8 11 75 79 85 90 91 92 95 96 100 104 108 109 110 111 114 117 118 121 122 123 126 128 131 133 136 137 138 139 140 142 146 147 148 149 150 151 153 154 155 156 157 158 159 160 161 162 164 165
DB00585,Nizatidine,8 11 21 24 36 38 43 45 47 49 56 63 65 70 71 74 76 77 79 81 82 85 86 88 90 91 93 94 97 99 100 102 104 108 111 115 119 120 121 122 124 128 129 130 131 137 138 141 142 147 148 149 151 153 155 156 158 159 160 161 162 164 165
DB00586,Diclofenac,87 90 96 103 104 107 123 131 132 133 134 135 139 144 150 151 154 155 156 157 158 159 161 162 164 165
DB00587,Cinalukast,8 11 22 36 47 62 65 66 81 88 90 91 92 96 99 104 110 111 112 114 116 117 120 121 123 131 132 133 135 136 137 139 142 146 147 149 151 154 155 156 157 158 159 160 161 162 164 165
DB00588,Fluticasone Propionate,11 26 28 42 50 66 72 76 81 87 88 91 96 99 104 107 108 112 114 115 116 123 126 127 128 129 132 134 136 139 140 141 143 146 149 150 152 153 154 155 157 159 160 164 165
DB00589,Lisuride,8 11 26 37 50 65 75 76 77 79 83 85 86 90 91 93 96 99 100 104 105 106 110 111 114 115 116 117 120 121 122 129 131 133 137 138 141 142 148 149 151 153 154 155 156 158 160 161 162 164 165
DB00590,Doxazosin,25 38 57 62 65 72 75 77 79 80 83 84 85 86 89 92 93 95 96 97 100 105 106 109 110 111 113 117 118 120 121 122 126 127 128 129 132 133 135 137 138 140 142 143 144 146 147 148 149 150 151 152 153 154 156 157 158 159 160 161 162 164 165
DB00591,Fluocinolone Acetonide,8 11 19 26 42 50 57 66 72 74 76 82 87 89 91 96 99 104 105 107 108 109 112 115 116 120 123 127 128 129 131 132 134 136 137 139 140 141 143 146 149 150 152 153 154 155 157 159 160 164 165
DB00593,Ethosuximide,8 11 66 89 90 91 92 104 110 111 112 114 115 116 117 121 127 132 133 136 137 143 149 150 151 154 155 156 158 159 160 161 164 165
DB00594,Amiloride,25 38 43 53 65 77 78 79 80 83 84 87 92 95 96 97 103 106 107 110 117 119 120 121 131 133 134 135 137 142 144 150 151 154 156 158 161 162 164 165
DB00596,Halobetasol Propionate,11 26 42 50 66 72 76 87 91 96 99 103 104 107 108 112 114 115 116 123 126 127 128 129 132 134 136 139 140 141 143 146 149 150 152 153 154 155 157 159 160 164 165
DB00598,Labetalol,53 54 82 84 89 90 92 95 96 97 100 104 110 111 113 115 116 117 127 128 129 131 132 139 142 143 144 146 147 150 151 152 153 154 155 156 157 158 159 160 161 162 164 165
DB00599,Thiopental,43 47 53 64 66 73 77 80 81 83 88 89 90 91 92 96 97 106 108 110 112 114 115 116 117 120 121 127 128 129 131 133 136 137 141 142 143 147 149 150 151 154 155 156 158 159 160 161 164 165
DB00603,Medroxyprogesterone,11 26 50 66 72 76 90 91 96 99 104 108 112 115 116 118 127 128 129 132 136 139 141 143 146 147 149 150 152 154 157 159 160 164 165
DB00604,Cisapride,42 75 80 83 84 85 86 87 89 90 92 93 95 96 97 100 103 104 107 108 109 110 111 113 116 117 118 121 122 126 127 128 129 131 132 133 134 135 137 138 140 142 143 144 146 147 148 149 150 151 152 153 154 155 156 157 158 159 160 161 162 164 165
DB00605,Sulindac,11 42 50 51 59 60 61 64 67 73 76 81 87 88 93 96 99 102 104 107 116 123 124 132 134 136 139 144 146 148 149 150 154 155 157 159 160 162 164 165
DB00606,Cyclothiazide,11 32 33 36 38 43 51 53 55 58 59 60 61 62 64 67 69 73 77 80 81 83 84 87 88 90 91 94 96 97 99 102 103 105 106 107 112 117 120 121 124 127 130 131 133 134 135 136 137 140 142 143 144 146 148 150 151 156 158 159 161 162 164 165
DB00608,Chloroquine,65 80 83 85 86 87 90 91 96 100 103 104 105 107 108 111 114 115 116 118 121 122 128 129 133 134 135 137 138 141 142 147 148 149 151 153 155 156 158 160 161 162 165
DB00610,Metaraminol,54 84 95 96 113 127 131 139 143 151 152 156 157 158 159 160 161 162 164 165
DB00611,Butorphanol,19 22 66 75 83 85 86 90 91 95 96 100 104 105 111 112 113 118 121 122 127 128 129 131 132 133 137 138 139 143 144 147 148 152 153 155 156 157 158 159 161 162 164 165
DB00612,Bisoprolol,54 72 74 82 86 90 95 96 97 100 104 108 109 113 116 126 127 129 131 132 138 139 140 141 143 146 147 149 151 152 153 155 156 157 158 159 160 161 162 164 165
DB00613,Amodiaquine,65 80 83 85 86 87 90 91 96 97 100 103 105 107 113 114 116 121 122 127 131 133 134 135 137 138 139 142 143 144 148 149 150 151 152 153 155 156 157 158 160 161 162 164 165
DB00615,Rifabutin,8 11 26 38 45 50 53 54 57 72 74 75 76 77 78 79 80 83 85 86 89 90 92 93 95 96 97 99 100 104 105 108 110 111 112 113 115 117 118 119 120 121 122 123 126 127 129 131 133 136 137 138 139 140 141 142 143 144 146 147 148 149 150 151 152 153 154 155 156 157 158 159 160 161 162 164 165
DB00616,Candoxatril,11 66 72 86 89 90 91 92 93 96 104 109 110 111 112 113 115 116 117 118 123 126 127 128 129 131 132 133 136 138 139 140 143 144 146 147 151 152 153 154 155 156 157 158 159 160 161 162 164 165
DB00617,Paramethadione,8 11 23 57 66 72 75 85 89 92 93 95 106 108 110 112 114 115 117 120 121 122 123 127 132 133 136 137 141 143 146 148 149 150 152 154 155 156 157 158 159 160 161 164 165
DB00619,Imatinib,25 53 62 65 75 77 79 80 83 85 86 92 93 96 100 106 110 111 115 116 117 118 120 121 122 129 131 133 135 137 138 142 144 147 148 149 150 151 153 154 155 156 158 160 161 162 164 165
DB00620,Triamcinolone,11 26 42 50 53 54 66 72 76 82 87 89 90 91 96 99 104 107 108 109 112 115 116 127 128 129 131 132 134 136 139 140 143 146 147 149 150 152 153 154 155 157 159 160 164 165
DB00621,Oxandrolone,11 57 66 83 90 91 96 104 108 109 112 115 116 118 123 127 128 129 132 137 139 141 143 146 147 149 150 152 153 154 157 159 160 164 165
DB00622,Nicardipine,24 45 49 50 56 62 63 70 71 76 83 85 86 93 94 95 96 97 99 100 102 109 111 115 116 119 121 122 123 124 126 129 130 132 133 135 136 137 138 140 141 142 146 147 148 149 150 151 153 154 155 156 157 158 159 160 161 162 164 165
DB00623,Fluphenazine,36 42 59 75 79 80 81 82 83 85 86 88 91 95 96 100 104 105 106 107 109 111 112 118 120 121 122 128 129 132 133 134 135 137 138 139 142 144 147 148 153 155 156 157 158 161 162 164 165
DB00624,Testosterone,11 26 50 66 76 90 91 96 99 104 108 112 115 116 118 127 128 129 132 139 143 147 149 150 152 154 157 159 160 164 165
DB00626,Bacitracin,8 11 36 47 53 54 65 74 77 78 79 80 81 82 84 88 90 91 92 95 96 97 100 104 110 111 114 115 117 118 119 120 121 123 127 128 129 131 132 133 136 137 138 139 140 141 142 143 146 147 149 150 151 153 154 155 156 157 158 159 160 161 162 164 165
DB00627,Niacin,65 83 96 97 121 123 137 139 154 157 159 161 162 164 165
DB00628,Clorazepate,53 62 78 79 80 87 89 92 95 96 97 98 103 105 107 110 117 119 120 121 123 127 131 133 134 135 136 137 139 142 143 144 146 150 151 154 156 157 158 159 161 162 163 164 165
DB00629,Guanabenz,25 43 52 77 78 79 84 87 94 96 103 106 107 119 124 131 134 142 144 150 151 156 158 161 162 165
DB00630,Alendronate,29 43 48 53 54 69 72 82 84 89 90 91 100 102 104 106 111 112 118 124 130 131 132 136 139 140 146 147 148 151 153 155 157 158 159 161 164
DB00631,Clofarabine,8 11 38 42 53 57 62 65 72 75 77 79 80 82 83 84 85 87 89 90 92 96 97 103 105 106 107 109 110 117 120 121 122 127 131 132 133 134 135 137 139 142 143 146 148 150 151 152 153 155 156 157 158 159 161 162 164 165
DB00633,Dexmedetomidine,8 11 65 77 79 96 120 121 137 141 142 144 149 150 156 160 161 162 165
DB00635,Prednisone,11 26 50 53 66 72 76 82 89 90 91 96 99 104 108 109 112 115 116 118 127 128 129 131 132 136 139 140 143 146 147 149 150 152 153 154 155 157 159 160 164 165
DB00636,Clofibrate,66 72 74 87 96 103 107 108 109 112 113 114 123 126 127 134 141 143 146 149 152 153 154 155 157 159 160 162 164 165
DB00637,Astemizole,8 11 25 42 65 75 77 79 80 83 85 86 87 90 93 96 100 104 105 106 107 111 113 118 120 121 122 126 127 128 129 133 134 135 137 138 142 143 144 147 148 150 151 152 153 155 156 157 158 160 161 162 164 165
DB00640,Adenosine,8 11 38 53 54 57 62 65 72 75 77 79 80 82 83 84 85 89 90 91 92 95 96 97 105 109 110 117 120 121 122 127 131 132 133 135 137 139 140 142 143 146 148 150 151 152 153 155 156 157 158 159 161 162 164 165
DB00641,Simvastatin,26 50 57 66 74 76 83 89 91 96 99 104 108 112 114 115 116 123 126 127 128 129 132 136 137 139 140 141 143 146 147 149 150 152 154 155 157 159 160 164 165
DB00642,Pemetrexed,8 11 25 38 43 53 54 65 77 80 83 84 90 91 92 95 96 97 104 105 106 110 111 113 117 118 120 121 123 127 131 132 133 135 136 137 139 140 142 143 146 147 151 154 155 156 157 158 159 161 162 164 165
DB00644,Gonadorelin,8 11 25 43 53 54 65 74 75 77 78 79 80 82 84 85 89 90 91 92 95 96 97 100 104 105 106 109 110 111 113 115 117 118 119 120 121 122 127 128 131 132 133 136 137 138 139 140 142 143 146 147 148 149 150 151 152 153 154 155 156 157 158 159 160 161 162 164 165
DB00645,Dyclonine,75 83 85 86 96 97 100 109 111 113 114 115 116 118 121 122 126 127 128 129 132 133 137 138 143 147 148 152 153 154 155 157 158 159 160 161 162 164 165
DB00647,Propoxyphene,66 74 85 93 96 97 100 112 114 115 116 122 123 126 128 129 132 141 148 149 152 153 154 155 157 158 159 160 161 162 164 165
DB00648,Mitotane,87 96 103 107 134 144 150 162 165
DB00650,Leucovorin,25 38 43 53 54 65 75 77 79 80 82 83 84 85 90 91 92 95 96 97 100 104 105 106 110 111 113 117 120 121 122 123 127 131 132 133 135 136 137 138 139 140 142 143 144 146 147 148 150 151 153 154 155 156 157 158 159 161 162 164 165
DB00651,Dyphylline,8 11 37 38 54 65 72 75 77 79 80 82 83 85 89 90 92 93 95 96 97 100 104 105 106 109 110 113 117 120 121 122 127 131 132 136 137 138 139 140 142 143 144 146 148 149 150 152 153 154 155 156 157 158 159 160 161 162 164 165
DB00652,Pentazocine,19 50 66 74 75 76 83 85 86 96 99 100 105 108 111 112 113 115 116 121 122 127 128 129 133 137 138 139 141 143 144 147 148 149 150 152 153 155 156 157 158 160 161 162 164 165
DB00653,Magnesium Sulfate,10 39 40 48 49 55 58 60 61 67 73 88 102 106 112 124 130 131 136 139 140 146 148 159 164
DB00654,Latanoprost,11 53 74 89 90 91 96 99 104 108 118 123 126 127 128 129 131 132 139 140 143 146 147 149 150 152 154 155 157 159 160 162 164 165
DB00655,Estrone,11 66 91 96 108 112 113 115 116 118 127 128 129 132 139 143 144 147 150 152 154 157 159 160 162 164 165
DB00656,Trazodone,8 11 37 38 52 62 65 75 77 79 80 83 85 86 87 94 95 96 97 100 103 105 106 107 110 111 113 117 118 120 121 122 124 127 128 129 133 134 135 137 138 142 143 144 147 148 150 153 154 155 156 158 161 162 164 165
DB00657,Mecamylamine,11 66 74 90 91 93 96 108 112 116 133 141 147 149 150 151 156 158 160 161 165
DB00659,Acamprosate,39 40 48 51 55 58 60 61 67 69 73 82 88 90 91 92 100 102 104 106 108 110 111 112 116 117 118 124 130 131 132 136 138 139 140 146 147 148 151 153 154 155 156 158 159 160 161 164
DB00661,Verapamil,41 66 72 74 85 86 93 96 100 108 111 112 113 115 116 118 122 126 127 128 129 138 140 141 142 143 144 146 147 148 149 150 152 153 155 157 158 159 160 161 162 164 165
DB00663,Flumethasone Pivalate,11 26 42 50 66 72 74 76 87 89 90 91 96 99 104 107 108 109 112 115 116 123 126 127 128 129 131 132 134 136 139 140 141 143 146 149 150 152 153 154 155 157 159 160 164 165
DB00665,Nilutamide,8 11 24 37 42 49 56 62 63 66 70 71 74 75 77 79 85 89 92 94 95 96 97 102 106 107 110 112 117 119 120 121 122 124 127 130 133 134 135 136 137 140 142 143 144 146 148 149 150 151 154 156 158 159 160 161 162 164 165
DB00666,Nafarelin,8 11 25 43 53 54 65 74 75 77 78 79 80 82 84 85 89 90 91 92 95 96 97 100 104 105 106 109 110 111 113 115 117 118 119 120 121 122 127 128 131 132 133 136 137 138 139 140 142 143 146 147 148 149 150 151 152 153 154 155 156 157 158 159 160 161 162 164 165
DB00667,Histamine Phosphate,8 11 29 43 48 53 65 69 77 79 80 82 84 90 100 102 104 106 111 112 120 121 124 130 131 136 137 139 140 142 146 147 148 151 153 155 156 158 159 161 162 164 165
DB00668,Epinephrine,54 72 82 93 95 96 100 104 113 115 127 131 132 139 143 144 146 150 151 152 153 155 157 158 159 160 161 162 164 165
DB00669,Sumatriptan,8 11 32 33 51 55 58 60 61 65 67 69 73 74 85 88 90 91 93 94 96 100 102 104 105 106 111 112 115 116 117 121 122 124 130 131 132 136 137 138 141 142 147 148 149 151 153 155 156 158 159 160 161 162 164 165
DB00670,Pirenzepine,38 65 75 77 79 80 83 85 86 92 93 95 96 97 98 100 105 110 111 113 115 116 117 118 120 121 122 127 129 132 133 136 137 138 142 143 147 148 153 154 155 156 158 159 160 161 162 163 164 165
DB00672,Chlorpropamide,32 33 37 43 51 55 58 59 60 61 64 67 69 73 77 81 82 87 88 89 90 91 94 96 97 100 102 103 104 106 107 110 111 112 114 115 117 124 130 131 134 136 142 146 147 148 151 153 154 155 156 158 159 160 161 162 164 165
DB00673,Aprepitant,8 11 37 38 42 52 53 57 62 65 68 69 75 77 79 80 83 85 86 87 90 91 94 95 96 97 100 104 106 107 109 110 111 112 113 117 120 121 122 123 124 126 127 129 131 132 133 134 137 138 142 143 146 147 148 150 152 153 154 155 156 157 158 159 160 161 162 164 165
DB00674,Galantamine,8 11 57 66 72 75 85 86 89 93 96 98 99 100 104 105 111 112 113 115 116 120 121 122 126 127 128 129 132 133 137 138 139 143 144 146 147 148 149 152 153 157 158 159 160 161 162 163 164 165
DB00675,Tamoxifen,50 74 76 85 93 95 96 99 100 109 111 113 114 115 116 122 126 127 132 138 141 143 147 148 149 152 153 155 157 158 160 161 162 164 165
DB00677,Isoflurophate,29 31 42 48 74 102 106 107 112 124 126 130 134 141 146 148 149 152 157 159 160 164
DB00678,Losartan,8 11 38 52 62 65 69 70 75 77 79 80 82 85 87 91 94 95 96 97 100 103 107 109 111 114 115 116 118 120 121 122 124 128 129 130 131 134 137 138 139 142 144 147 148 150 153 155 156 157 158 160 161 162 164 165
DB00679,Thioridazine,36 59 64 75 80 81 83 85 88 93 96 100 105 108 111 115 116 118 120 121 122 128 129 133 135 137 138 142 144 147 148 149 150 153 155 156 158 160 161 162 165
DB00680,Moricizine,23 36 57 59 75 80 81 83 85 86 88 90 92 95 96 97 100 105 106 109 110 111 114 117 118 120 121 122 123 126 128 129 132 133 135 136 137 138 140 142 144 146 147 148 151 153 154 155 156 157 158 159 160 161 162 164 165
DB00682,Warfarin,57 83 89 91 96 105 113 115 123 127 132 136 137 139 140 143 144 146 150 152 154 155 157 159 160 162 164 165
DB00683,Midazolam,8 11 38 42 62 65 77 78 79 80 85 87 96 98 100 103 105 107 108 111 119 120 121 122 133 134 135 137 142 144 148 150 153 156 158 160 161 162 163 165
DB00685,Trovafloxacin,8 11 38 42 62 65 75 77 80 83 84 85 86 87 89 90 91 96 97 100 105 107 113 120 121 122 123 127 131 133 134 135 136 137 138 139 142 143 144 146 148 150 151 152 153 154 156 157 158 159 161 162 164 165
DB00686,Pentosan Polysulfate,39 40 48 55 57 58 60 61 67 69 72 73 83 88 89 90 96 102 104 106 109 112 120 123 124 126 127 130 131 132 136 137 138 139 140 143 146 148 150 152 153 157 159 164 165
DB00687,Fludrocortisone,11 26 42 50 53 66 72 76 82 87 89 90 91 96 99 104 107 108 109 112 115 116 118 127 128 129 131 132 134 136 139 140 143 146 147 149 150 152 153 154 155 157 159 160 164 165
DB00688,Mycophenolate mofetil,8 11 50 57 75 76 83 85 86 89 90 91 93 95 96 99 100 108 109 111 113 115 116 118 120 121 122 123 126 127 128 129 132 133 136 137 138 139 140 141 143 144 146 147 148 149 150 152 153 154 155 157 158 159 160 161 162 164 165
DB00690,Flurazepam,42 62 75 78 79 80 85 86 87 92 95 96 98 100 103 105 107 108 110 111 114 116 117 119 120 121 122 127 128 129 132 133 134 135 137 138 142 143 144 147 148 149 150 153 154 155 156 158 160 161 162 163 164 165
DB00691,Moexipril,72 75 79 83 85 90 91 92 93 95 96 100 104 108 109 110 111 113 114 117 121 122 123 126 127 128 129 131 133 136 137 138 139 140 141 142 143 144 146 147 148 149 150 151 152 153 154 155 156 157 158 159 160 161 162 164 165
DB00692,Phentolamine,8 11 38 77 78 79 82 85 90 96 97 100 104 111 113 119 120 121 122 127 128 129 131 133 135 137 138 139 142 143 147 148 151 152 153 155 156 157 158 160 161 162 164 165
DB00694,Daunorubicin,54 57 66 72 83 84 89 90 91 93 95 96 97 104 108 111 112 113 116 123 126 127 128 131 132 133 136 137 139 140 141 143 144 146 149 150 151 152 154 156 157 158 159 160 161 162 164 165
DB00695,Furosemide,8 11 32 33 51 53 55 57 58 59 60 61 64 67 69 73 81 82 84 87 88 94 95 96 97 100 102 103 106 107 112 117 123 124 130 131 132 133 134 135 136 137 139 140 142 144 146 148 150 151 152 153 154 155 156 157 158 159 161 162 164 165
DB00696,Ergotamine,8 11 23 26 50 53 57 65 72 75 76 79 80 83 85 89 90 91 92 93 95 96 97 99 100 105 106 110 111 112 115 116 117 118 120 121 122 123 127 128 129 131 133 136 137 138 139 140 142 143 146 147 148 149 150 151 152 153 154 155 156 157 158 159 160 161 162 164 165
DB00697,Tizanidine,8 11 25 33 36 43 58 65 67 77 78 79 80 82 87 88 90 91 94 96 100 103 104 105 106 107 111 119 120 121 124 130 131 133 134 135 137 138 142 144 147 150 151 153 156 158 161 162 165
DB00699,Nicergoline,8 11 46 65 66 75 83 85 87 93 95 96 97 100 105 107 108 109 111 112 115 116 120 121 122 123 126 127 129 132 133 134 137 138 141 142 143 146 148 149 152 153 154 155 156 157 158 159 160 161 162 164 165
DB00700,Eplerenone,8 11 26 50 57 66 76 93 96 98 99 105 108 112 115 116 118 120 123 126 127 128 129 132 136 137 140 141 143 146 147 149 152 154 157 159 160 163 164 165
DB00703,Methazolamide,8 11 32 33 36 47 51 52 55 58 59 60 61 64 65 67 69 73 75 77 78 79 80 81 84 88 92 93 94 95 97 102 106 110 112 117 119 120 121 122 124 130 133 135 136 137 142 144 146 148 149 150 151 154 156 158 159 160 161 162 164 165
DB00704,Naltrexone,8 11 19 57 66 72 75 83 85 86 89 90 91 95 96 100 104 105 111 112 113 118 120 121 122 127 128 129 131 132 133 137 138 139 140 143 144 146 147 148 152 153 154 155 156 157 158 159 161 162 164 165
DB00706,Tamsulosin,32 33 51 55 58 59 60 61 64 67 69 72 73 81 82 84 88 89 93 94 95 96 97 100 102 104 106 108 109 111 112 113 114 115 116 117 124 126 127 128 129 130 131 132 136 138 140 141 142 143 144 146 147 148 149 150 151 152 153 155 156 157 158 159 160 161 162 164 165
DB00707,Porfimer,8 11 26 45 50 53 65 76 78 80 90 97 99 104 105 108 116 118 119 120 121 123 126 131 132 133 136 137 139 140 141 142 144 146 147 149 150 152 154 155 156 157 158 159 160 161 162 164 165
DB00708,Sufentanil,8 11 36 66 75 80 81 83 85 86 88 92 93 95 96 100 108 109 110 111 112 114 115 117 118 120 121 122 126 128 129 132 133 135 137 138 142 147 148 149 153 154 155 156 157 158 159 160 161 162 164 165
DB00710,Ibandronate,29 43 48 53 54 69 72 85 86 89 90 91 93 97 100 102 104 106 108 111 112 114 115 116 118 122 124 128 129 130 131 132 136 138 139 140 146 147 148 149 153 155 157 158 159 160 161 164
DB00711,Diethylcarbamazine,37 75 77 79 83 85 86 93 96 100 106 110 111 114 115 116 117 118 120 121 122 128 129 133 137 138 141 142 147 148 149 153 154 155 156 158 160 161 164 165
DB00712,Flurbiprofen,42 62 87 96 107 123 134 139 144 150 154 157 159 160 162 164 165
DB00714,Apomorphine,54 72 75 83 85 91 93 96 100 105 111 113 115 116 121 122 127 128 129 131 133 137 139 143 144 147 148 150 152 153 156 157 158 159 160 161 162 164 165
DB00715,Paroxetine,8 11 28 42 57 62 72 82 83 86 87 89 90 91 96 97 100 104 105 107 109 111 113 120 121 123 126 127 128 129 133 134 137 138 143 144 146 147 150 151 152 153 155 157 158 159 161 162 164 165
DB00716,Nedocromil,57 65 72 75 83 85 89 91 95 96 97 100 105 113 114 115 120 121 122 123 127 128 131 136 137 139 140 143 144 146 147 148 149 150 152 153 154 155 156 157 158 159 160 161 162 164 165
DB00717,Norethindrone,11 17 26 50 66 76 90 91 96 99 104 108 112 115 116 118 127 128 129 132 139 143 147 150 152 154 157 159 160 164 165
DB00719,Azatadine,50 62 65 75 76 83 85 86 93 96 99 100 105 111 115 116 118 120 121 122 129 133 137 138 142 144 147 148 153 156 158 160 161 162 163 165
DB00720,Clodronate,29 43 48 53 69 89 102 103 106 107 112 124 130 131 134 136 139 140 146 148 159 164
DB00721,Procaine,84 85 86 95 96 100 108 109 111 114 116 122 123 126 129 132 133 135 138 142 147 148 149 151 153 154 155 156 157 158 159 160 161 162 164 165
DB00722,Lisinopril,8 11 54 75 79 82 84 85 90 91 92 95 96 100 104 110 111 117 118 121 122 123 128 129 131 133 136 137 138 139 140 142 146 147 148 150 151 153 154 155 156 157 158 159 161 162 164 165
DB00723,Methoxamine,54 84 89 93 95 96 113 126 127 131 139 141 143 144 146 149 150 151 152 156 157 158 159 160 161 162 164 165
DB00724,Imiquimod,8 11 38 65 74 75 77 79 80 83 84 85 96 100 105 115 120 121 122 133 135 137 142 148 149 151 153 155 156 158 160 161 162 165
DB00725,Homatropine Methylbromide,8 11 30 46 49 72 74 75 83 85 93 96 97 105 108 111 112 116 121 122 123 126 127 128 129 132 133 134 137 139 143 146 147 148 149 152 154 156 157 158 159 160 161 162 163 164 165
DB00726,Trimipramine,74 75 80 85 93 96 98 100 105 108 115 121 122 128 133 135 137 138 141 142 144 147 148 149 153 155 156 158 160 161 162 163 165
DB00727,Nitroglycerin,24 49 63 70 71 72 89 94 97 102 106 109 111 119 122 124 126 130 132 136 138 140 142 146 148 152 153 155 157 159 161 164
DB00728,Rocuronium,8 11 30 34 49 57 62 66 75 83 85 86 90 91 95 96 99 100 104 108 109 111 112 115 116 118 120 121 122 123 126 127 128 129 132 133 137 138 139 140 141 142 143 146 147 148 149 150 152 153 154 155 156 157 158 159 160 161 164 165
DB00729,Diphemanil Methylsulfate,30 39 40 48 49 50 55 58 60 61 67 73 74 75 76 83 85 86 88 93 96 99 100 102 106 111 112 115 116 118 121 122 124 126 129 130 133 136 137 138 140 141 146 147 148 149 153 157 158 159 160 161 162 164 165
DB00731,Nateglinide,54 74 90 91 92 95 96 104 108 110 111 116 117 118 123 129 131 136 139 146 147 149 151 154 155 156 157 158 159 160 161 162 164 165
DB00732,Atracurium,30 49 72 75 83 85 86 93 96 97 100 109 111 112 113 115 116 118 120 121 122 123 126 127 128 129 132 133 136 137 138 140 141 142 143 144 146 147 148 149 150 152 153 154 155 156 157 158 159 160 161 162 164 165
DB00734,Risperidone,8 11 38 42 57 62 65 71 75 77 80 83 85 86 87 92 94 96 97 100 102 105 107 108 110 111 113 116 117 118 120 121 122 124 127 128 129 133 134 137 138 142 143 144 147 148 150 152 153 154 155 156 158 159 160 161 162 164 165
DB00735,Naftifine,85 86 93 96 99 100 115 122 138 148 153 155 158 160 161 162 165
DB00736,Esomeprazole,8 11 47 51 59 60 61 64 65 67 73 77 79 81 83 88 90 93 95 96 97 102 105 106 111 113 116 120 121 124 126 127 132 137 141 142 143 144 146 148 149 150 152 153 155 156 157 159 160 161 162 164 165
DB00737,Meclizine,75 79 83 85 86 87 96 100 103 107 108 111 118 120 121 122 129 133 134 137 138 142 147 148 153 155 156 158 160 161 162 165
DB00740,Riluzole,8 11 36 42 47 65 77 81 84 88 96 105 106 107 112 113 120 121 126 127 133 134 135 137 142 143 151 152 156 157 158 161 162 164 165
DB00741,Hydrocortisone,11 26 50 53 66 72 76 82 89 90 91 96 99 104 108 109 112 115 116 118 127 128 129 131 132 136 139 140 143 146 147 149 150 152 153 154 155 157 159 160 164 165
DB00743,Gadobenate Dimeglumine,6 49 53 54 72 79 82 85 86 89 90 91 93 95 96 97 100 104 109 111 115 118 122 123 126 128 129 131 132 136 138 139 140 142 146 147 148 149 151 152 153 154 155 156 157 158 159 160 161 162 164 165
DB00744,Zileuton,8 11 13 24 36 37 54 69 71 72 77 81 84 88 94 95 96 102 105 106 110 117 122 124 131 137 139 142 148 151 154 156 158 159 160 161 162 164 165
DB00745,Modafinil,51 60 61 67 73 81 84 88 89 92 96 97 102 104 110 111 117 124 132 136 148 151 153 154 155 156 158 159 161 162 164 165
DB00747,Scopolamine,8 11 19 57 75 82 83 85 89 93 95 96 97 105 109 111 116 120 121 122 123 126 127 132 133 137 139 140 143 146 148 152 153 154 155 156 157 158 159 160 161 162 163 164 165
DB00748,Carbinoxamine,65 74 83 85 87 93 95 96 100 103 107 109 111 115 116 121 122 126 132 134 137 138 142 147 148 149 152 153 155 156 157 158 160 161 162 164 165
DB00749,Etodolac,8 11 57 65 66 83 89 90 91 95 96 104 105 108 109 112 114 116 120 121 123 128 129 131 132 137 139 144 146 147 149 152 153 154 155 156 157 159 160 161 162 164 165
DB00750,Prilocaine,54 79 82 91 92 95 96 100 104 108 110 111 114 115 116 117 131 133 135 141 142 144 147 149 150 151 153 154 155 156 158 160 161 162 164 165
DB00751,Epinastine,8 11 25 77 78 79 84 85 90 91 96 98 100 105 106 111 119 120 121 122 128 133 135 137 142 144 148 151 153 156 158 161 162 163 165
DB00752,Tranylcypromine,62 84 96 104 111 133 150 151 156 158 161 162 165
DB00753,Isoflurane,42 103 106 107 112 126 134 157 164
DB00754,Ethotoin,8 11 37 62 75 77 79 85 89 90 91 92 95 96 97 100 106 110 114 117 120 121 122 127 133 136 137 142 143 148 150 151 153 154 155 156 158 159 160 161 162 164 165
DB00755,Tretinoin,50 66 74 76 96 99 108 112 115 116 118 123 139 141 147 149 150 154 157 159 160 164 165
DB00757,Dolasetron,8 11 19 65 83 85 95 96 97 100 105 111 120 121 122 123 126 127 128 129 132 133 136 137 142 143 146 148 152 153 154 156 157 158 159 161 162 164 165
DB00758,Clopidogrel,8 11 36 75 81 83 85 86 87 88 93 95 96 100 103 105 107 111 120 121 122 123 126 129 133 134 137 138 144 147 148 150 153 154 156 157 158 159 160 161 162 164 165
DB00759,Tetracycline,21 26 43 45 50 53 66 72 74 76 84 85 89 90 91 92 93 95 96 97 99 108 110 112 113 116 117 122 127 131 133 136 139 140 141 142 143 144 146 148 149 150 151 152 154 156 157 158 159 160 161 162 164 165
DB00761,Potassium Chloride,35 49 103 134
DB00762,Irinotecan,8 11 23 57 62 65 66 72 75 79 80 83 85 86 89 91 92 96 97 100 104 105 106 108 109 110 111 112 113 114 117 118 120 121 122 123 126 127 128 129 132 133 136 137 138 139 140 142 143 144 146 147 148 149 150 152 153 154 155 156 157 158 159 160 161 162 164 165
DB00763,Methimazole,8 11 47 59 64 65 73 75 77 79 81 85 88 93 106 120 121 122 137 142 144 148 150 156 158 160 161 162 165
DB00764,Mometasone,11 26 50 66 72 76 87 90 91 96 99 103 104 107 108 112 115 116 127 128 129 131 132 134 136 139 140 141 143 146 147 149 150 152 153 154 155 157 159 160 164 165
DB00765,Metyrosine,54 66 84 90 95 96 104 111 112 113 115 123 127 131 139 143 146 151 152 154 155 156 157 158 159 160 161 162 164 165
DB00767,Benzquinamide,72 80 83 85 86 89 92 93 96 97 100 105 108 110 111 113 114 116 117 121 122 123 126 127 128 129 132 133 136 137 138 140 141 142 143 144 146 147 148 149 150 152 153 154 155 156 157 158 159 160 161 162 164 165
DB00768,Olopatadine,50 57 74 76 85 93 96 98 99 100 104 105 109 111 113 115 116 122 123 132 137 138 139 144 146 147 148 149 152 153 154 155 157 158 159 160 161 162 163 164 165
DB00769,Hydrocortamate,11 26 50 66 72 76 85 86 89 90 91 95 96 99 100 104 108 109 112 114 115 116 118 122 123 126 127 128 129 131 132 136 138 139 140 141 143 146 147 148 149 150 152 153 154 155 157 158 159 160 161 164 165
DB00770,Alprostadil,11 89 90 91 99 104 108 114 115 116 118 123 127 128 129 131 132 136 139 140 143 146 147 150 152 154 155 157 159 160 164 165
DB00771,Clidinium,30 49 66 72 75 83 85 86 93 95 96 100 111 112 115 116 118 121 122 123 126 127 129 132 133 137 138 139 143 146 147 148 152 153 154 157 158 159 160 161 162 164 165
DB00773,Etoposide,8 11 28 54 57 62 72 83 89 91 93 96 105 109 113 116 120 123 126 127 131 132 137 138 139 140 141 143 144 146 149 150 152 153 154 157 159 160 162 164 165
DB00774,Hydroflumethiazide,28 32 33 36 42 43 51 53 55 58 59 60 61 64 67 69 73 77 80 81 82 83 84 88 94 96 97 100 102 105 106 107 112 117 120 121 124 127 130 131 133 134 135 136 137 140 142 143 144 146 148 150 151 153 156 158 159 161 162 164 165
DB00775,Tirofiban,32 33 51 54 55 58 60 61 67 69 73 82 83 86 88 90 91 94 95 96 100 102 104 106 109 111 112 113 114 115 116 117 118 121 123 124 126 127 128 129 130 131 132 133 136 137 138 139 140 142 143 146 147 148 151 152 153 154 155 156 157 158 159 160 161 162 164 165
DB00776,Oxcarbazepine,37 75 77 84 85 96 97 98 105 106 110 117 121 122 127 132 133 135 136 137 142 143 144 148 151 152 154 156 158 159 161 162 163 164 165
DB00777,Propiomazine,36 59 74 75 79 81 83 85 88 93 96 100 105 111 114 115 116 120 121 122 132 133 135 137 141 142 144 148 149 152 153 154 155 156 158 160 161 162 164 165
DB00778,Roxithromycin,24 28 54 57 66 71 72 74 78 83 85 86 89 90 91 93 94 95 96 97 102 104 108 109 111 112 114 115 116 119 120 122 123 124 126 127 129 131 132 133 137 138 139 140 141 142 143 146 147 148 149 150 152 153 154 155 156 157 158 159 160 161 164 165
DB00780,Phenelzine,52 68 69 82 84 90 94 96 100 104 111 124 131 142 147 151 153 155 158 161 162 165
DB00782,Propantheline,30 49 57 74 83 85 93 95 96 100 105 108 109 111 112 113 115 116 122 123 126 132 137 138 141 144 146 147 148 149 152 153 154 155 156 157 158 159 160 161 162 164 165
DB00783,Estradiol,11 66 90 91 96 104 108 112 113 115 116 118 127 128 129 131 132 139 143 144 147 150 152 157 159 160 162 164 165
DB00784,Mefenamic acid,53 96 97 123 131 133 135 139 144 149 150 151 154 156 157 158 159 160 161 162 164 165
DB00786,Marimastat,24 53 54 66 68 69 71 72 74 79 89 90 91 92 93 94 95 97 102 110 112 115 117 124 131 136 139 140 141 142 146 149 151 152 154 155 156 157 158 159 160 161 164
DB00787,Aciclovir,8 11 25 28 38 43 65 72 75 77 79 80 82 83 84 85 86 90 91 92 95 96 97 100 104 105 106 109 110 113 117 120 121 122 126 127 129 131 132 133 135 137 138 139 142 143 146 147 148 151 153 154 155 156 157 158 159 161 162 164 165
DB00788,Naproxen,93 96 113 123 126 127 139 143 146 149 152 154 157 159 160 162 164 165
DB00790,Perindopril,8 11 75 79 85 90 91 92 95 96 104 105 108 109 110 111 114 115 117 118 121 122 123 126 128 129 131 133 136 137 139 140 141 142 146 147 148 149 150 151 153 154 155 156 157 158 159 160 161 164 165
DB00792,Tripelennamine,38 65 74 77 79 83 85 86 93 96 100 111 115 116 121 122 129 133 135 137 138 142 147 148 149 153 155 156 158 160 161 162 165
DB00794,Primidone,28 43 53 62 66 77 80 82 83 89 90 92 96 97 100 110 112 114 117 120 121 127 128 131 133 136 137 142 143 150 151 153 154 155 156 158 159 160 161 162 164 165
DB00795,Sulfasalazine,32 33 38 50 51 52 55 58 59 60 61 64 65 67 69 73 76 77 78 81 83 88 89 94 96 97 99 102 106 112 117 119 121 123 124 127 130 131 133 135 136 137 139 140 142 143 146 148 150 151 152 154 156 157 158 159 161 162 164 165
DB00796,Candesartan,8 11 37 38 52 62 65 69 70 75 77 79 80 85 94 96 97 100 105 106 109 110 113 114 117 120 121 122 123 124 126 127 128 130 131 137 138 139 142 143 144 146 148 150 153 154 155 156 157 158 159 160 161 162 164 165
DB00797,Tolazoline,8 11 38 77 78 79 82 90 96 100 104 111 119 120 121 128 129 133 137 138 142 147 151 153 155 156 158 161 162 165
DB00798,Gentamicin,53 54 57 66 72 80 83 84 89 90 91 93 95 96 97 104 108 109 111 112 115 116 120 123 126 127 131 132 133 137 139 140 141 142 143 146 147 149 150 151 152 153 156 157 158 159 160 161 164 165
DB00799,Tazarotene,17 36 59 65 66 74 81 83 88 96 97 105 109 112 114 115 116 120 121 123 126 137 138 141 144 147 149 153 154 155 156 157 159 160 161 162 164 165
DB00800,Fenoldopam,54 62 72 82 86 87 91 96 98 100 103 104 107 111 113 121 127 128 129 131 133 134 137 138 139 143 144 146 147 150 151 152 153 157 158 159 161 162 163 164 165
DB00801,Halazepam,42 62 75 78 79 80 85 87 92 95 96 98 100 103 105 106 107 110 111 112 117 119 120 121 122 127 129 132 133 134 135 137 138 142 143 144 148 150 153 154 155 156 158 161 162 163 164 165
DB00802,Alfentanil,8 11 37 52 65 66 70 75 77 79 80 83 85 86 92 93 94 95 96 97 100 106 108 109 110 111 112 113 114 115 117 118 120 121 122 124 126 127 128 129 130 132 133 135 136 137 138 141 142 143 144 146 147 148 149 150 153 154 155 156 157 158 159 160 161 162 164 165
DB00804,Dicyclomine,62 66 85 86 95 96 100 108 109 111 112 114 116 118 122 123 126 128 129 132 138 147 148 149 153 154 155 157 158 159 160 161 164 165
DB00805,Minaprine,38 52 57 62 65 75 77 79 82 83 85 86 91 94 95 96 100 104 108 109 111 118 120 121 122 124 128 129 132 133 135 137 138 142 144 147 148 150 151 153 155 156 157 158 160 161 162 164 165
DB00806,Pentoxifylline,8 11 37 38 65 75 77 79 80 83 85 89 92 93 95 96 97 100 105 106 108 110 111 113 115 116 117 118 120 121 122 127 129 132 136 137 141 142 143 144 146 147 148 149 150 152 153 154 155 156 158 159 160 161 162 164 165
DB00807,Proparacaine,84 85 86 91 95 96 100 108 109 111 113 114 115 116 118 122 123 126 127 129 132 133 135 138 141 142 143 144 146 147 148 149 150 151 152 153 154 155 156 157 158 159 160 161 162 164 165
DB00808,Indapamide,8 11 32 33 51 52 55 58 59 60 61 64 67 69 73 75 81 84 87 88 90 91 92 94 95 96 102 103 105 106 107 110 111 112 115 117 121 122 124 130 131 133 134 135 136 137 142 144 146 148 150 151 154 156 158 159 160 161 162 164 165
DB00809,Tropicamide,65 82 83 85 86 89 92 96 97 100 109 110 114 116 117 121 122 128 137 138 139 142 148 153 154 155 156 157 158 159 160 161 162 164 165
DB00810,Biperiden,11 66 75 83 85 86 90 91 96 97 99 100 104 111 112 118 121 122 128 129 132 133 137 138 139 147 148 152 153 155 157 158 161 162 164 165
DB00811,Ribavirin,8 11 38 52 53 54 57 62 65 72 75 77 79 80 82 84 89 90 91 92 94 95 97 109 110 117 120 121 122 124 127 131 132 133 137 139 140 142 143 146 148 150 151 152 153 154 155 156 157 158 159 161 162 164 165
DB00812,Phenylbutazone,8 11 52 62 75 80 89 92 94 95 96 97 110 114 115 116 117 118 120 121 122 124 127 133 135 136 137 142 143 147 148 150 154 155 156 158 159 160 161 162 164 165
DB00813,Fentanyl,75 80 83 85 86 92 96 100 110 111 114 117 118 121 122 128 129 132 133 135 137 138 142 147 148 153 154 155 156 158 160 161 162 164 165
DB00814,Meloxicam,8 11 21 32 33 36 43 45 47 51 55 58 59 60 61 65 67 73 75 76 77 79 81 83 88 89 92 93 94 95 96 97 99 102 105 106 110 112 117 120 121 122 124 127 130 131 133 135 136 137 139 140 142 143 144 146 148 149 150 151 152 154 156 157 158 159 160 161 162 164 165
DB00815,Sodium lauryl sulfate,35 39 40 48 49 55 58 60 61 67 73 88 102 106 108 109 112 114 115 116 118 124 126 128 129 130 132 136 140 146 147 148 153 155 157 159 160 164
DB00816,Orciprenaline,53 54 74 82 89 95 96 100 104 113 116 127 131 132 139 143 146 149 151 152 153 155 156 157 158 159 160 161 162 164 165
DB00818,Propofol,74 96 113 127 139 141 143 144 149 150 152 157 160 162 164 165
DB00819,Acetazolamide,8 11 32 33 36 47 51 52 55 58 59 60 61 64 65 67 69 73 77 79 80 81 84 88 92 94 95 97 102 106 110 112 117 120 121 124 130 131 133 135 136 137 142 146 148 151 154 156 158 159 160 161 162 164 165
DB00820,Tadalafil,8 11 28 57 62 65 72 75 79 83 85 90 91 92 93 95 96 100 105 108 109 110 111 113 115 117 120 121 122 123 127 128 132 133 136 137 138 140 142 143 144 146 148 150 152 153 154 156 157 158 159 160 161 162 164 165
DB00821,Carprofen,8 11 65 87 96 103 105 107 121 123 131 134 137 139 154 156 157 159 160 161 162 164 165
DB00822,Disulfiram,14 47 67 73 81 85 86 88 100 106 114 116 122 124 138 141 142 148 149 153 155 156 158 160 161
DB00823,Ethynodiol Diacetate,11 17 26 50 66 76 96 99 108 112 115 116 118 123 126 127 128 129 132 136 140 141 143 146 147 149 150 152 154 157 159 160 164 165
DB00824,Enprofylline,8 11 37 38 54 65 75 77 79 80 83 85 89 90 91 92 95 96 97 100 105 106 110 111 113 114 115 117 120 121 122 127 131 136 137 142 143 144 147 148 150 153 154 155 156 158 159 160 161 162 164 165
DB00825,Menthol,74 90 91 96 104 108 115 116 127 129 132 139 141 143 147 149 150 152 157 160 164 165
DB00829,Diazepam,62 75 78 79 80 85 87 92 93 95 96 98 100 103 105 107 110 111 116 117 119 120 121 122 127 132 133 134 135 137 142 143 144 148 150 153 154 156 158 160 161 162 163 164 165
DB00830,Phenmetrazine,57 62 82 83 91 95 96 100 104 108 109 111 116 120 121 132 133 137 138 147 150 151 152 153 156 157 158 160 161 162 164 165
DB00831,Trifluoperazine,36 42 59 75 79 80 81 83 85 86 88 93 96 100 105 106 107 111 112 115 116 118 120 121 122 128 129 133 134 135 137 138 142 144 147 148 153 155 156 158 160 161 162 165
DB00834,Mifepristone,11 17 26 50 62 66 74 76 85 90 91 93 96 99 104 108 112 115 116 118 122 127 128 129 132 133 135 139 141 143 147 148 149 150 152 154 156 157 158 159 160 161 162 164 165
DB00835,Brompheniramine,46 65 74 83 85 87 93 96 100 107 111 115 116 121 122 134 137 142 147 148 149 153 155 156 158 160 161 162 165
DB00836,Loperamide,62 66 74 75 83 85 86 87 90 92 93 96 97 100 103 104 107 108 110 111 112 117 118 121 122 127 128 129 132 133 134 137 138 139 142 143 147 148 149 152 153 154 155 156 157 158 159 160 161 162 164 165
DB00837,Progabide,42 45 50 76 82 84 87 90 91 92 96 97 99 100 103 104 107 110 111 117 118 127 131 132 134 136 142 143 147 150 151 152 153 154 155 156 158 159 161 162 164 165
DB00838,Clocortolone,11 26 42 50 66 72 74 76 87 91 96 99 103 104 107 108 109 112 115 116 123 126 127 128 129 132 134 136 139 140 141 143 146 149 150 152 153 154 155 157 159 160 164 165
DB00839,Tolazamide,32 33 37 43 51 52 55 58 59 60 61 64 67 69 73 75 77 79 81 86 88 89 90 91 94 95 96 97 98 100 102 104 106 110 111 112 117 118 121 122 124 128 129 130 131 133 136 137 138 142 146 147 148 151 153 154 156 158 159 160 161 162 163 164 165
DB00841,Dobutamine,54 72 82 90 91 96 100 104 108 111 113 115 116 118 127 128 129 131 139 143 144 146 147 150 151 152 153 155 156 157 158 159 160 161 162 164 165
DB00842,Oxazepam,54 62 72 78 79 80 87 92 95 96 98 103 105 107 110 117 119 120 121 127 131 133 134 135 137 139 142 143 144 150 151 154 156 157 158 159 161 162 163 164 165
DB00843,Donepezil,11 72 75 83 85 86 93 96 100 111 113 118 121 122 126 127 128 129 133 137 138 143 144 146 147 148 149 150 152 153 154 155 157 158 159 160 161 162 164 165
DB00844,Nalbuphine,8 11 19 22 57 66 72 75 83 85 86 89 90 91 95 96 100 104 105 111 112 113 118 120 121 122 127 128 129 131 132 133 137 138 139 140 143 144 146 147 148 152 153 155 156 157 158 159 161 162 164 165
DB00846,Flurandrenolide,8 11 19 26 42 50 57 66 72 74 76 82 87 89 91 96 99 104 105 107 108 109 112 115 116 120 123 127 128 129 131 132 134 136 137 139 140 141 143 146 147 149 150 152 153 154 155 157 159 160 164 165
DB00847,Cysteamine,54 82 84 88 100 104 111 131 138 147 151 153 155 158 161
DB00848,Levamisole,8 11 19 36 47 62 77 78 79 81 85 86 88 96 100 105 106 111 119 120 121 122 128 129 133 137 138 142 147 148 153 156 158 161 162 165
DB00849,Methylphenobarbital,37 62 66 75 77 80 83 85 89 90 92 93 96 97 106 108 110 112 114 117 120 121 122 127 133 136 137 142 143 146 148 149 150 151 154 155 156 158 159 160 161 162 164 165
DB00850,Perphenazine,36 59 75 79 80 81 82 83 85 86 87 88 91 95 96 100 103 104 105 107 109 111 118 120 121 122 128 129 132 133 134 135 137 138 139 142 144 147 148 153 155 156 157 158 161 162 164 165
DB00851,Dacarbazine,8 11 38 52 69 70 74 77 78 79 80 84 92 93 94 95 97 110 117 119 120 121 122 124 130 131 133 137 142 148 149 150 151 154 156 158 160 161 164 165
DB00852,Pseudoephedrine,54 93 95 96 131 139 149 151 152 156 157 158 160 161 162 164 165
DB00854,Levorphanol,19 66 75 83 85 93 96 100 105 108 111 112 113 115 116 118 121 122 127 128 129 133 137 139 143 144 147 148 152 153 156 157 158 160 161 162 164 165
DB00855,Aminolevulinic acid,82 84 90 91 95 100 104 123 129 131 132 136 139 146 147 151 152 153 154 155 157 158 159 161 164
DB00857,Terbinafine,17 66 74 85 86 93 96 99 100 112 115 122 138 141 148 149 153 155 158 160 161 162 165
DB00858,Dromostanolone,11 66 96 108 112 114 115 116 118 123 126 127 128 129 132 136 141 143 146 147 149 150 152 154 155 157 159 160 164 165
DB00859,Penicillamine,53 54 66 74 81 84 88 95 112 123 131 139 149 151 154 156 157 158 159 160 161 164
DB00860,Prednisolone,11 26 50 53 66 72 76 82 89 90 91 96 99 104 108 109 112 115 116 118 127 128 129 131 132 136 139 140 143 146 147 149 150 152 153 154 155 157 159 160 164 165
DB00861,Diflunisal,42 53 62 87 89 96 107 113 123 127 131 134 139 143 144 146 150 152 154 157 159 162 164 165
DB00862,Vardenafil,8 11 32 33 38 51 52 55 58 59 60 61 62 64 65 67 69 73 75 77 79 80 81 83 85 86 88 90 91 92 94 95 96 97 100 102 105 106 108 109 110 111 112 113 114 115 116 117 118 120 121 122 124 126 127 129 130 133 136 137 138 140 141 142 143 144 146 147 148 149 150 152 153 154 155 156 157 158 159 160 161 162 164 165
DB00863,Ranitidine,8 11 21 24 38 43 45 49 56 57 63 70 71 74 76 77 79 82 85 86 88 90 91 93 94 95 97 99 100 102 104 108 111 115 119 122 124 128 129 130 131 132 137 138 141 142 146 147 148 149 151 152 153 155 156 158 159 160 161 162 164 165
DB00864,Tacrolimus,34 50 57 72 76 83 85 89 90 92 93 95 96 97 99 100 104 105 108 110 111 112 115 116 117 118 120 121 122 123 126 127 128 129 131 132 133 136 137 139 140 141 143 146 147 148 149 150 152 153 154 155 156 157 158 159 160 161 164 165
DB00865,Benzphetamine,85 93 96 100 111 115 116 122 129 148 149 153 155 156 158 160 161 162 165
DB00866,Alprenolol,34 54 72 74 82 90 95 96 97 99 100 104 109 113 116 126 127 128 131 132 138 139 143 144 149 150 151 152 153 155 156 157 158 159 160 161 162 164 165
DB00867,Ritodrine,54 82 91 95 96 100 104 108 111 113 116 127 131 139 143 146 147 151 152 153 155 156 157 158 159 160 161 162 164 165
DB00868,Benzonatate,72 82 86 90 93 96 100 104 109 111 114 115 116 118 123 126 128 129 132 133 135 138 140 146 147 149 151 153 154 155 156 157 158 159 160 161 162 164 165
DB00869,Dorzolamide,8 11 32 33 36 51 55 58 59 60 61 64 67 69 73 81 82 83 84 88 94 96 100 102 104 105 106 108 111 112 114 115 117 120 124 127 129 130 131 133 136 137 140 142 143 144 146 148 149 150 151 153 155 156 158 159 160 161 162 164 165
DB00870,Suprofen,8 11 36 81 88 96 123 136 137 139 146 152 154 157 159 160 162 164 165
DB00871,Terbutaline,53 54 66 74 82 89 95 96 100 104 112 113 116 127 131 132 139 141 143 146 149 151 152 153 155 156 157 158 159 160 161 162 164 165
DB00872,Conivaptan,8 11 38 62 65 75 77 79 80 85 90 92 96 98 100 104 105 108 110 111 117 120 121 122 131 133 135 136 137 142 144 147 148 150 151 153 154 156 158 159 160 161 162 163 164 165
DB00873,Loteprednol Etabonate,11 15 26 28 50 66 72 76 91 96 99 103 104 106 108 109 112 114 115 116 118 123 126 127 128 129 132 134 136 138 139 140 141 143 146 147 149 150 152 153 154 155 157 159 160 164 165
DB00875,Flupenthixol,36 42 50 59 75 76 79 81 82 83 85 86 88 91 95 96 99 100 104 105 106 107 109 111 112 118 120 121 122 128 129 132 133 134 137 138 139 142 144 147 148 153 155 157 158 161 162 164 165
DB00876,Eprosartan,8 11 36 38 50 65 75 76 77 79 81 85 88 90 96 99 100 111 114 115 116 118 120 121 122 123 128 129 131 136 137 139 140 142 144 146 147 148 150 153 154 155 156 157 158 159 160 161 162 164 165
DB00877,Sirolimus,50 57 72 76 83 85 89 90 91 92 93 95 96 97 99 100 104 105 108 110 111 112 115 116 117 118 120 121 122 123 126 127 129 131 132 133 136 137 139 140 141 143 146 147 148 149 150 152 153 154 155 156 157 158 159 160 161 164 165
DB00880,Chlorothiazide,32 33 36 51 55 58 59 60 61 64 67 69 73 77 78 80 81 83 84 87 88 94 96 97 102 103 105 106 107 112 117 119 120 121 124 127 130 131 133 134 135 136 137 140 142 143 144 146 148 150 151 156 158 159 161 162 164 165
DB00881,Quinapril,75 79 83 85 90 91 92 95 96 100 104 108 109 110 111 114 117 121 122 123 126 128 129 131 133 136 137 138 139 140 142 144 146 147 148 149 150 151 153 154 155 156 157 158 159 160 161 162 164 165
DB00882,Clomifene,50 76 85 86 95 96 99 100 103 107 108 109 111 113 114 116 122 126 127 129 132 134 138 143 147 148 149 152 153 155 157 158 160 161 162 164 165
DB00883,Isosorbide Dinitrate,8 11 19 24 49 57 63 70 71 72 89 94 97 102 105 106 109 119 120 122 124 126 127 128 130 132 136 137 138 140 142 143 146 148 152 153 157 159 161 164 165
DB00884,Risedronate,29 43 48 53 54 65 69 72 83 89 90 96 102 104 106 112 121 124 130 131 132 136 137 139 140 146 148 155 157 159 161 162 164 165
DB00885,Pemirolast,8 11 38 52 62 65 69 70 77 79 80 83 85 92 94 96 97 105 110 113 117 120 121 122 124 127 130 137 142 143 144 148 150 154 156 160 161 162 164 165
DB00887,Bumetanide,32 33 51 55 58 59 60 61 64 67 69 73 81 82 84 88 89 90 94 95 96 97 100 102 104 106 111 112 113 114 115 116 117 118 123 124 126 127 130 131 133 135 136 139 140 142 143 144 146 147 148 150 151 152 153 154 155 156 157 158 159 160 161 162 164 165
DB00889,Granisetron,8 11 19 52 65 75 79 80 83 85 91 92 93 94 95 96 97 104 105 108 110 111 116 117 118 120 121 122 124 128 129 133 137 142 147 148 149 151 154 156 158 160 161 162 164 165
DB00890,Dienestrol,50 76 96 99 113 127 131 139 143 149 152 157 159 160 162 164 165
DB00892,Oxybuprocaine,84 85 86 91 95 96 100 108 109 111 113 114 115 116 118 122 123 126 127 129 132 133 135 138 141 142 143 144 146 147 148 149 150 151 152 153 154 155 156 157 158 159 160 161 162 164 165
DB00894,Testolactone,26 50 57 66 76 83 96 99 105 108 112 115 116 118 123 127 128 129 132 136 137 143 146 147 149 152 154 157 159 160 164 165
DB00895,Benzylpenicilloyl Polylysine,8 11 36 47 53 54 66 74 79 80 81 82 88 90 91 92 95 96 97 100 104 110 111 112 117 118 120 121 123 128 129 131 132 133 136 137 139 140 142 146 147 149 150 151 153 154 155 156 157 158 159 160 161 162 164 165
DB00896,Rimexolone,11 26 50 66 76 91 96 99 104 108 112 114 115 116 127 128 129 132 136 139 141 143 146 147 149 150 152 154 155 157 159 160 164 165
DB00897,Triazolam,8 11 38 52 62 65 77 78 79 80 85 87 94 96 98 100 103 105 107 108 111 119 120 121 122 124 133 134 135 137 142 144 148 150 153 156 158 160 161 162 163 165
DB00898,Ethanol,82 109 114 139 153 155 157 160 164
DB00899,Remifentanil,66 75 80 83 85 86 92 93 95 96 97 100 108 110 111 112 114 116 117 118 121 122 123 126 128 129 132 133 135 136 137 138 140 141 142 146 147 148 149 153 154 155 156 157 158 159 160 161 162 164 165
DB00901,Bitolterol,54 66 72 74 82 95 96 100 104 112 113 116 123 126 127 131 132 136 139 140 141 143 144 146 149 150 151 152 153 154 155 156 157 158 159 160 161 162 164 165
DB00902,Methdilazine,8 11 36 59 75 80 81 83 85 86 88 93 96 100 105 108 111 115 116 120 121 122 128 129 133 135 137 138 142 144 147 148 153 155 156 158 160 161 162 165
DB00903,Ethacrynic acid,34 50 72 76 87 96 99 103 104 107 109 113 114 123 126 127 132 134 136 139 140 143 144 146 150 152 153 154 155 157 159 160 162 164 165
DB00904,Ondansetron,8 11 38 65 75 77 79 85 93 96 97 100 105 108 111 116 120 121 122 127 129 137 142 143 144 147 148 149 150 152 153 154 155 156 158 160 161 162 164 165
DB00905,Bimatoprost,11 53 82 89 90 91 92 96 99 100 104 108 110 111 114 117 118 127 128 129 131 132 139 140 143 146 147 150 151 152 153 154 155 156 157 158 159 160 161 162 164 165
DB00906,Tiagabine,8 11 36 50 75 76 81 83 85 86 88 90 91 96 97 99 100 111 118 120 121 122 123 128 129 133 137 138 139 144 147 148 149 150 153 154 155 157 158 159 160 161 162 164 165
DB00907,Cocaine,8 11 75 83 85 89 93 96 97 105 108 111 116 121 122 123 126 127 128 129 132 133 136 137 140 143 146 147 148 149 150 152 154 156 157 158 159 160 161 162 163 164 165
DB00908,Quinidine,34 65 83 85 86 90 91 93 95 96 99 100 105 111 113 120 121 122 126 127 129 133 137 138 139 142 143 147 148 152 153 156 157 158 159 160 161 162 164 165
DB00909,Zonisamide,8 11 32 33 51 55 57 58 60 61 65 67 69 71 73 80 84 88 94 96 97 102 104 105 106 111 112 117 120 121 124 130 132 136 137 142 146 148 151 152 153 155 156 159 161 162 164 165
DB00910,Paricalcitol,11 50 53 66 74 76 89 91 96 99 104 108 112 115 116 118 127 128 129 131 132 139 141 143 146 147 149 150 152 157 159 160 164 165
DB00912,Repaglinide,62 74 75 80 83 85 86 89 92 96 100 104 109 110 111 113 114 115 117 118 121 122 123 126 127 128 129 131 132 133 135 136 137 138 139 140 141 142 143 144 146 147 148 149 150 151 152 153 154 155 156 157 158 159 160 161 162 164 165
DB00913,Anileridine,62 66 75 83 84 85 86 96 100 109 111 112 114 118 121 122 123 126 128 129 133 135 137 138 142 147 148 151 153 154 155 156 157 158 159 160 161 162 164 165
DB00914,Phenformin,25 43 53 77 78 80 84 90 91 96 100 106 111 119 131 142 147 151 153 155 156 158 161 162 165
DB00915,Amantadine,19 66 84 91 96 104 111 112 128 133 151 156 158 161 165
DB00917,Dinoprostone,11 89 90 91 99 104 108 114 115 116 118 123 127 128 129 131 132 136 139 140 143 146 147 150 152 154 155 157 159 160 164 165
DB00918,Almotriptan,8 11 32 33 51 55 58 60 61 64 65 67 73 74 75 81 85 86 88 90 91 93 94 96 100 102 105 106 111 112 115 116 117 118 120 121 122 124 128 129 130 132 133 136 137 138 142 147 148 149 153 155 156 158 159 160 161 162 164 165
DB00920,Ketotifen,8 11 36 50 62 75 76 81 83 85 86 88 93 96 99 100 105 111 115 116 118 120 121 122 127 129 132 133 137 138 143 144 147 148 152 153 154 158 160 161 162 163 164 165
DB00921,Buprenorphine,8 11 19 57 66 72 74 75 83 85 86 89 90 91 93 96 100 105 108 111 112 113 116 118 120 121 122 126 127 128 129 131 132 133 137 138 139 140 141 143 144 146 147 148 149 150 152 153 155 156 157 158 159 160 161 162 164 165
DB00922,Levosimendan,41 52 62 69 78 79 80 83 91 92 94 95 96 104 110 111 115 117 119 120 121 124 127 130 131 132 133 135 137 142 143 150 151 154 156 158 160 161 162 164 165
DB00924,Cyclobenzaprine,50 74 76 85 93 96 99 100 111 115 116 122 144 147 148 149 153 155 158 160 161 162 163 165
DB00925,Phenoxybenzamine,85 86 95 96 100 103 108 109 111 113 115 116 122 126 127 128 129 134 138 143 147 148 152 153 155 156 157 158 160 161 162 164 165
DB00926,Etretinate,50 76 93 96 99 109 113 114 123 126 127 141 143 144 146 149 150 152 153 154 155 157 159 160 162 164 165
DB00927,Famotidine,8 11 25 33 36 38 43 47 53 55 58 60 61 65 67 69 73 77 78 80 81 84 86 88 90 91 94 97 102 104 106 111 112 117 119 120 121 124 129 130 131 133 135 136 137 138 142 147 148 151 153 155 156 158 159 161 162 164 165
DB00928,Azacitidine,8 11 25 37 53 54 57 62 65 72 75 77 80 82 83 84 85 89 90 91 92 95 96 97 106 109 110 113 117 120 121 122 127 131 132 133 135 137 139 140 142 143 144 146 148 150 151 152 153 154 155 156 157 158 159 161 162 164 165
DB00929,Misoprostol,11 66 89 90 91 93 99 104 108 112 114 115 116 118 123 126 127 128 129 131 132 136 139 140 141 143 146 147 149 150 152 154 155 157 159 160 164 165
DB00933,Mesoridazine,36 51 59 60 61 64 67 73 75 80 81 83 85 88 93 96 100 102 105 108 111 115 116 118 120 121 122 124 128 129 133 135 137 138 142 144 147 148 149 150 153 155 156 158 160 161 162 164 165
DB00934,Maprotiline,66 82 90 93 96 100 104 108 111 112 115 116 118 128 129 144 147 151 153 155 158 160 161 162 165
DB00935,Oxymetazoline,8 11 38 66 74 77 78 79 82 90 91 96 100 104 111 112 113 116 119 120 121 127 128 129 131 133 137 138 139 141 142 143 144 147 149 150 151 152 153 155 156 157 158 160 161 162 164 165
DB00936,Salicyclic acid,53 89 96 113 123 127 131 139 143 144 146 150 152 154 157 159 162 164 165
DB00937,Diethylpropion,85 86 95 96 100 114 116 122 138 141 148 149 152 153 154 155 156 158 160 161 162 164 165
DB00938,Salmeterol,53 54 82 86 89 90 91 95 96 100 104 109 111 113 118 126 127 128 129 131 132 138 139 140 143 144 146 147 150 151 152 153 155 157 158 159 161 162 164 165
DB00939,Meclofenamic acid,53 87 96 97 103 107 123 131 133 134 135 139 144 150 151 154 156 157 158 159 160 161 162 164 165
DB00940,Methantheline,30 49 57 83 85 86 93 95 96 100 105 108 109 111 112 113 114 115 116 122 123 126 129 132 137 138 141 144 146 147 148 149 152 153 154 155 157 158 159 160 161 162 164 165
DB00941,Hexafluronium bromide,11 30 46 49 74 85 93 96 100 108 111 112 115 116 118 122 128 129 133 134 138 141 142 144 147 148 149 153 155 156 158 160 161 162 165
DB00942,Cycrimine,11 66 75 83 85 86 90 91 96 97 100 104 111 112 118 121 122 128 129 132 133 137 138 139 147 148 152 153 155 157 158 161 162 164 165
DB00944,Demecarium bromide,23 30 46 49 74 85 93 96 97 100 106 108 110 111 112 113 115 116 117 118 122 123 126 127 128 129 133 134 135 136 138 140 141 142 143 146 147 148 149 152 153 154 155 156 157 158 159 160 161 162 164 165
DB00945,Aspirin,89 96 113 123 126 127 136 139 140 143 144 146 150 152 154 157 159 160 162 164 165
DB00946,Phenprocoumon,57 83 89 91 96 105 113 114 123 127 137 139 143 144 146 150 152 154 155 157 159 160 162 164 165
DB00947,Fulvestrant,11 42 51 60 61 66 67 73 86 88 90 91 96 102 104 106 107 108 112 113 115 116 118 124 127 128 129 131 132 134 138 139 143 144 146 147 148 150 152 153 155 157 159 160 162 164 165
DB00949,Felbamate,23 84 89 90 96 106 109 110 117 123 126 131 136 138 140 142 146 151 153 154 155 156 157 158 159 161 162 164 165
DB00950,Fexofenadine,66 74 75 83 85 86 90 91 96 100 104 111 112 118 121 122 123 128 129 131 132 133 137 138 139 140 146 147 148 149 152 153 154 155 157 158 159 160 161 162 164 165
DB00951,Isoniazid,52 65 68 69 83 84 92 94 95 96 110 117 121 124 131 137 142 151 154 156 158 161 162 164 165
DB00952,Naratriptan,8 11 32 33 51 55 58 60 61 62 65 67 69 73 75 83 85 86 88 90 91 93 94 96 100 102 104 105 106 108 111 112 115 116 117 118 120 121 122 124 129 130 131 132 133 136 137 138 142 147 148 149 151 153 155 156 158 159 160 161 162 164 165
DB00953,Rizatriptan,8 11 52 65 74 75 77 79 80 85 90 91 93 94 96 100 105 111 115 116 120 121 122 124 137 138 142 147 148 149 153 155 156 158 160 161 162 165
DB00956,Hydrocodone,8 11 19 57 66 72 75 83 85 93 96 100 105 108 111 112 113 115 116 118 120 121 122 126 127 128 129 132 133 137 143 144 146 147 148 149 152 153 154 156 157 158 159 160 161 162 164 165
DB00957,Norgestimate,11 17 24 26 50 66 69 71 76 78 90 91 94 96 99 102 108 111 112 114 116 118 119 123 124 126 127 128 129 132 133 139 143 146 147 149 150 152 154 155 156 157 159 160 161 164 165
DB00958,Carboplatin,9 22 49 53 66 84 89 90 91 112 123 131 136 139 140 142 146 147 151 154 157 159 161 164 165
DB00959,Methylprednisolone,11 26 50 53 66 72 76 82 89 90 91 96 99 104 108 109 112 115 116 127 128 129 131 132 136 139 140 141 143 146 147 149 150 152 153 154 155 157 159 160 164 165
DB00960,Pindolol,8 11 54 65 72 74 82 90 95 96 97 100 104 105 109 113 116 121 126 127 131 132 137 138 139 142 143 149 151 152 153 155 156 157 158 159 160 161 162 164 165
DB00961,Mepivacaine,75 79 83 85 90 91 92 93 95 96 100 108 110 111 115 116 117 118 121 122 129 133 135 137 141 142 144 147 148 149 150 151 153 154 156 158 160 161 162 164 165
DB00962,Zaleplon,8 11 38 41 52 62 65 77 79 80 83 85 92 94 96 100 105 110 114 116 117 120 121 122 124 133 135 137 142 148 149 153 154 155 156 158 160 161 162 164 165
DB00963,Bromfenac,46 84 87 90 96 97 104 107 123 131 132 133 134 135 136 139 144 146 150 151 152 154 155 156 157 158 159 161 162 164 165
DB00964,Apraclonidine,8 11 25 43 77 78 79 82 84 87 90 91 96 100 103 104 106 107 111 119 120 121 131 133 134 135 137 138 142 144 147 150 151 153 156 158 161 162 165
DB00966,Telmisartan,8 11 38 62 65 75 77 79 85 93 96 100 105 111 114 115 120 121 122 123 128 129 137 139 141 142 144 147 148 149 150 153 154 155 156 157 158 159 160 161 162 164 165
DB00967,Desloratadine,50 62 65 76 82 83 86 87 91 96 99 100 103 104 105 107 111 118 120 121 129 133 134 137 138 142 144 147 151 153 156 158 161 162 163 165
DB00968,Methyldopa,54 66 72 84 90 91 95 96 104 111 112 113 115 123 127 131 139 140 143 144 146 150 151 152 154 155 156 157 158 159 160 161 162 164 165
DB00969,Alosetron,8 11 65 75 77 79 80 83 85 86 90 91 92 93 96 97 100 105 108 110 111 116 117 120 121 122 127 129 133 137 138 142 143 144 147 148 149 150 153 154 155 156 158 160 161 162 164 165
DB00972,Azelastine,52 62 65 75 80 83 85 86 87 92 93 94 95 96 98 100 103 107 108 110 111 113 115 116 117 118 120 121 122 124 127 128 129 133 134 137 138 142 143 144 147 148 150 153 154 155 156 158 160 161 162 163 164 165
DB00973,Ezetimibe,16 22 42 62 75 85 87 90 92 96 97 104 107 110 113 117 121 122 127 131 132 133 134 135 137 139 143 146 147 148 150 152 154 155 156 157 158 159 161 162 164 165
DB00975,Dipyridamole,25 38 62 65 75 77 79 80 82 83 85 86 91 95 96 100 104 105 106 109 111 118 120 121 122 128 129 131 132 133 135 137 138 139 140 142 146 147 148 153 155 156 157 158 159 161 162 164 165
DB00976,Telithromycin,8 11 23 57 62 65 66 72 74 75 77 79 80 83 85 89 90 93 95 96 97 100 105 106 108 110 111 112 114 115 116 117 118 120 121 122 123 126 127 129 132 133 136 137 138 139 140 141 142 143 146 147 148 149 150 152 153 154 155 156 157 158 159 160 161 162 164 165
DB00977,Ethinyl Estradiol,11 17 66 90 91 96 104 108 112 113 115 116 118 127 128 129 131 132 139 143 144 147 150 152 157 159 160 162 164 165
DB00978,Lomefloxacin,42 62 65 75 79 80 82 83 85 86 87 89 91 96 97 100 104 105 107 108 111 113 114 115 116 120 121 122 123 127 129 131 133 134 135 136 137 138 139 142 143 144 146 147 148 149 150 151 152 153 154 155 156 157 158 159 160 161 162 164 165
DB00979,Cyclopentolate,11 66 74 85 89 90 91 93 95 96 100 104 109 111 112 115 116 118 122 123 126 127 132 138 139 143 146 147 148 149 152 153 154 155 157 158 159 160 161 162 164 165
DB00980,Ramelteon,8 11 57 82 91 92 96 100 104 105 108 109 110 111 113 114 117 118 128 129 132 137 138 144 147 151 152 153 154 155 156 157 158 159 160 161 162 164 165
DB00981,Physostigmine,8 11 19 23 38 66 75 77 85 93 96 100 105 106 108 110 111 112 113 115 116 117 120 121 122 123 126 127 133 135 137 141 142 143 144 147 148 149 151 152 153 154 156 157 158 159 160 161 162 164 165
DB00982,Isotretinoin,50 66 74 76 96 99 108 112 115 116 118 123 139 141 147 149 150 154 157 159 160 164 165
DB00983,Formoterol,54 82 93 95 96 100 104 110 111 113 115 116 117 126 127 129 131 132 133 135 139 140 142 143 144 146 149 150 151 152 153 154 155 156 157 158 159 160 161 162 164 165
DB00984,Nandrolone,11 26 50 66 76 96 99 108 112 115 116 118 123 126 127 128 129 132 136 143 146 147 150 152 154 155 157 159 160 162 164 165
DB00985,Dimenhydrinate,8 11 30 37 38 49 65 74 75 77 79 80 82 83 85 87 89 92 93 95 96 97 100 103 104 105 106 107 109 110 111 112 113 115 116 117 120 121 122 126 127 132 134 137 138 141 142 143 144 146 147 148 149 150 151 152 153 154 155 156 157 158 159 160 161 162 164 165
DB00986,Glycopyrrolate,8 11 30 49 66 72 74 75 85 86 90 91 93 95 96 97 100 108 111 112 115 116 118 121 122 123 126 127 132 133 137 138 139 143 146 147 148 149 152 153 154 157 158 159 160 161 162 164 165
DB00987,Cytarabine,8 11 37 38 53 54 57 62 65 72 75 77 80 82 83 84 85 89 90 91 92 95 96 97 106 109 110 113 117 120 121 122 127 131 132 133 135 137 139 140 142 143 144 146 148 150 151 152 153 154 155 156 157 158 159 161 162 164 165
DB00988,Dopamine,54 72 82 84 91 96 100 104 111 113 127 131 139 143 144 147 150 151 152 153 155 157 158 159 161 162 164 165
DB00989,Rivastigmine,23 74 85 93 96 100 106 110 113 114 115 117 122 123 126 127 141 142 143 148 149 152 153 154 155 156 157 158 159 160 161 162 164 165
DB00990,Exemestane,11 26 34 50 66 76 96 99 108 112 115 116 118 127 128 129 132 136 143 147 149 150 152 154 159 160 164 165
DB00991,Oxaprozin,8 11 57 62 65 90 92 95 96 104 110 111 117 120 121 123 132 137 139 144 146 147 150 152 154 155 156 157 159 161 162 164 165
DB00992,Methyl aminolevulinate,82 84 90 91 93 95 100 108 116 123 126 129 132 136 146 147 151 152 153 154 155 157 158 159 160 161 164
DB00993,Azathioprine,8 11 24 38 47 49 56 59 63 64 65 70 71 75 77 79 80 81 83 85 88 93 94 95 96 97 102 105 119 120 121 122 124 130 133 135 137 142 144 148 150 156 158 159 160 161 162 164 165
DB00995,Auranofin,12 29 30 49 57 64 72 81 82 83 86 88 89 96 109 112 114 116 123 126 127 132 136 137 138 140 141 143 146 148 149 150 152 153 154 155 157 159 160 164 165
DB00996,Gabapentin,66 82 84 90 91 96 100 104 112 118 123 128 129 131 132 139 147 151 153 154 155 157 158 159 161 164 165
DB00997,Doxorubicin,53 54 57 66 72 82 83 84 89 90 91 93 95 96 97 104 108 109 111 112 113 123 126 127 128 129 131 132 133 136 137 139 140 143 144 146 149 150 151 152 153 154 155 156 157 158 159 160 161 162 164 165
DB00998,Frovatriptan,8 11 65 84 90 91 92 93 96 104 105 108 110 111 116 117 121 129 131 133 137 142 144 147 151 154 156 158 160 161 162 164 165
DB00999,Hydrochlorothiazide,28 32 33 36 43 51 53 55 58 59 60 61 64 67 69 73 77 80 81 82 83 84 87 88 94 96 97 100 102 103 105 106 107 112 117 120 121 124 127 130 131 133 134 135 136 137 140 142 143 144 146 148 150 151 153 156 158 159 161 162 164 165
DB01000,Cyclacillin,8 11 16 22 36 47 54 66 74 79 81 84 85 88 90 91 92 95 96 97 98 104 105 110 111 112 117 118 120 121 122 123 127 129 131 133 136 137 139 140 142 143 146 147 148 149 150 151 154 156 157 158 159 160 161 163 164 165
DB01001,Salbutamol,53 54 66 74 82 89 90 95 96 100 104 109 112 113 116 127 131 132 138 139 141 143 144 146 149 150 151 152 153 155 156 157 158 159 160 161 162 164 165
DB01002,Levobupivacaine,75 79 83 85 86 90 91 92 95 96 100 110 111 114 115 116 117 118 121 122 128 129 133 135 137 138 141 142 144 147 148 149 150 151 153 154 155 156 158 160 161 162 164 165
DB01003,Cromoglicate,57 72 83 89 96 104 105 109 113 120 123 126 127 131 132 136 137 138 139 140 143 146 152 153 154 155 157 159 162 164 165
DB01005,Hydroxyurea,24 37 43 54 68 69 71 72 77 84 94 95 102 106 110 117 124 131 139 142 151 154 156 158 159 161 164
DB01006,Letrozole,8 11 41 52 65 75 77 79 80 94 96 120 121 122 124 137 142 148 156 158 161 162 165
DB01009,Ketoprofen,96 123 136 139 146 152 154 157 159 160 162 164 165
DB01010,Edrophonium,30 49 74 85 93 96 97 100 112 113 114 115 122 127 133 135 139 141 143 148 149 152 153 155 156 157 158 160 161 162 164 165
DB01011,Metyrapone,65 66 74 83 96 97 112 120 121 137 142 149 152 154 160 161 162 164 165
DB01012,Cinacalcet,42 82 90 96 100 104 106 107 108 111 112 116 118 134 147 151 153 155 156 158 160 161 162 165
DB01013,Clobetasol,11 26 42 50 66 72 76 87 91 96 99 103 104 107 108 112 114 115 116 123 126 127 128 129 132 134 136 139 140 141 143 146 147 149 150 152 153 154 155 157 159 160 164 165
DB01014,Balsalazide,50 52 53 69 76 78 82 89 90 92 94 96 97 99 100 104 110 111 117 119 123 124 127 131 132 133 135 136 139 140 142 143 146 147 150 151 152 153 154 155 156 157 158 159 161 162 164 165
DB01016,Glibenclamide,32 33 37 43 51 55 58 59 60 61 64 67 69 73 77 81 82 87 88 89 90 91 92 93 94 96 97 100 102 103 104 106 107 110 111 112 113 117 118 124 126 127 129 130 131 133 134 136 140 142 143 144 146 147 148 150 151 152 153 154 155 156 157 158 159 160 161 162 164 165
DB01017,Minocycline,21 26 43 45 50 53 66 72 74 76 84 85 89 90 91 92 93 95 96 97 99 108 110 112 113 117 122 127 131 133 135 136 139 140 141 142 143 144 146 148 149 150 151 152 154 156 157 158 159 160 161 162 164 165
DB01018,Guanfacine,25 43 77 78 84 87 91 92 96 97 103 106 107 110 111 117 119 131 132 134 142 144 150 151 154 155 156 158 161 162 164 165
DB01019,Bethanechol,23 30 49 74 84 85 91 93 95 100 106 110 112 115 117 122 123 126 132 141 142 148 149 151 152 153 154 155 156 157 158 159 160 161 164
DB01020,Isosorbide Mononitrate,8 11 19 24 49 57 63 70 71 72 89 91 94 97 102 104 105 106 109 119 120 122 124 126 127 128 130 132 137 138 139 140 143 146 148 152 153 157 159 161 164 165
DB01021,Trichlormethiazide,32 33 36 38 43 51 53 55 58 59 60 61 64 67 69 73 77 80 81 83 84 87 88 94 96 97 102 103 105 106 107 112 117 120 121 124 127 130 131 133 134 135 136 137 140 142 143 144 146 148 150 151 156 158 159 161 162 164 165
DB01022,Phytonadione,50 74 76 96 99 108 115 116 118 127 128 129 136 141 143 144 147 149 150 152 154 155 159 160 162 164 165
DB01023,Felodipine,45 50 62 76 83 87 93 96 97 99 103 107 109 114 121 123 126 133 134 136 137 140 141 144 146 149 150 151 153 154 155 156 157 158 159 160 161 162 164 165
DB01024,Mycophenolic acid,8 11 50 57 76 89 90 91 93 96 99 104 108 109 113 115 116 123 126 127 128 129 131 132 136 137 139 140 141 143 144 146 147 149 150 152 153 154 155 157 159 160 162 164 165
DB01025,Amlexanox,38 53 57 65 74 77 83 84 89 92 96 97 105 110 113 117 120 121 123 127 131 133 135 136 137 139 140 142 143 144 146 149 150 151 152 154 156 157 158 159 160 161 162 164 165
DB01026,Ketoconazole,8 11 57 62 65 72 75 77 79 83 85 86 87 89 92 95 96 100 103 107 108 109 110 111 112 113 116 117 118 120 121 122 123 126 127 128 129 132 133 134 135 137 138 140 142 143 144 146 147 148 150 152 153 154 155 156 157 158 159 160 161 162 164 165
DB01028,Methoxyflurane,42 93 103 106 107 112 126 134 157 160 164
DB01029,Irbesartan,8 11 38 52 62 65 66 69 70 75 77 78 79 80 85 92 94 95 96 97 100 105 110 111 112 114 115 116 117 118 119 120 121 122 124 127 128 129 130 133 137 142 143 144 147 148 150 153 154 155 156 158 160 161 162 164 165
DB01030,Topotecan,8 11 57 65 66 72 74 79 80 83 85 89 90 91 92 93 96 97 100 104 105 109 110 112 113 114 115 117 120 121 122 123 127 128 131 132 133 136 137 138 139 140 141 142 143 144 146 148 149 150 152 153 154 155 156 157 158 159 160 161 162 164 165
DB01031,Ethinamate,17 23 66 84 91 96 106 110 112 117 118 123 126 127 129 132 143 147 151 152 154 156 157 158 159 161 164 165
DB01032,Probenecid,32 33 51 55 58 59 60 61 64 67 73 81 86 88 94 96 100 102 106 108 111 112 114 115 117 118 122 123 124 128 129 130 136 138 139 140 146 147 148 149 153 154 155 156 157 158 159 160 161 162 164 165
DB01033,Mercaptopurine,8 11 38 47 53 54 59 64 65 73 77 79 80 81 83 88 96 105 120 121 131 137 142 156 161 162 165
DB01034,Cerulenin,57 72 84 89 92 95 97 99 110 116 117 128 129 132 136 137 146 147 150 151 152 154 155 156 157 158 159 160 161 164 165
DB01035,Procainamide,79 82 84 85 86 91 92 96 100 104 108 110 111 114 116 117 122 129 131 133 135 138 142 147 148 149 151 153 154 155 156 158 160 161 162 164 165
DB01036,Tolterodine,74 85 91 96 100 108 111 113 116 122 127 139 141 143 144 147 148 149 150 152 153 155 156 157 158 160 161 162 164 165
DB01037,Selegiline,17 85 93 96 100 111 115 116 122 129 148 149 153 155 156 158 160 161 162 165
DB01038,Carphenazine,36 59 75 79 80 81 82 83 85 86 88 91 95 96 100 104 105 109 111 114 118 120 121 122 128 129 132 133 135 137 138 139 142 144 147 148 152 153 154 155 156 157 158 159 160 161 162 164 165
DB01039,Fenofibrate,66 72 74 87 96 103 107 112 113 123 126 127 134 136 140 141 143 146 149 152 154 157 159 160 162 164 165
DB01041,Thalidomide,8 11 62 75 79 83 85 89 90 91 92 95 96 104 110 111 117 120 121 122 127 132 133 136 137 140 142 143 144 146 147 148 150 151 154 156 158 159 161 162 164 165
DB01043,Memantine,19 66 84 91 96 104 108 111 112 115 128 133 149 151 156 158 160 161 165
DB01044,Gatifloxacin,42 62 65 75 79 80 82 83 85 86 87 89 91 93 95 96 97 100 104 105 107 108 111 113 115 116 120 121 122 123 126 127 129 131 133 134 135 136 137 138 139 140 142 143 144 146 147 148 149 150 151 152 153 154 156 157 158 159 160 161 162 164 165
DB01045,Rifampin,8 11 26 45 50 52 53 54 57 69 72 75 76 79 80 83 85 86 89 90 92 93 94 95 96 97 99 100 104 105 110 111 112 113 115 116 117 118 120 121 122 123 124 126 127 129 131 133 136 137 138 139 140 141 142 143 144 146 147 148 149 150 151 152 153 154 156 157 158 159 160 161 162 164 165
DB01046,Lubiprostone,11 42 57 83 89 90 91 96 104 105 107 112 114 115 116 118 123 127 128 129 131 132 134 136 137 139 140 143 146 147 150 152 154 155 157 159 160 164 165
DB01047,Fluocinonide,8 11 19 26 42 50 57 66 72 74 76 87 89 91 96 99 104 105 107 108 109 112 115 116 120 123 126 127 128 129 132 134 136 137 139 140 141 143 146 149 150 152 153 154 155 157 159 160 164 165
DB01049,Ergoloid mesylate,8 11 23 53 57 65 66 72 74 75 79 80 83 85 89 90 91 92 93 95 96 97 100 105 106 108 110 111 112 114 115 116 117 118 120 121 122 123 127 129 131 133 136 137 138 139 140 141 142 143 146 147 148 149 150 151 152 153 154 155 156 157 158 159 160 161 162 164 165
DB01050,Ibuprofen,74 96 115 123 139 141 149 154 155 157 159 160 162 164 165
DB01054,Nitrendipine,24 45 49 50 56 62 63 70 71 76 83 93 94 96 97 99 102 109 114 119 121 122 123 124 126 130 133 135 136 137 140 141 142 146 148 149 150 151 153 154 155 156 157 158 159 160 161 162 164 165
DB01056,Tocainide,54 79 84 92 95 96 110 117 131 133 135 141 142 144 149 150 151 154 156 158 160 161 162 164 165
DB01057,Echothiophate Iodide,27 29 30 48 49 67 74 81 85 88 93 100 102 106 109 111 112 114 115 116 122 124 126 128 130 134 138 141 146 147 148 149 153 155 157 158 159 160 161 164
DB01058,Praziquantel,75 79 83 85 86 92 95 96 100 105 110 111 117 118 120 121 122 127 128 129 132 133 136 137 138 142 143 144 147 148 153 154 156 158 159 161 162 164 165
DB01059,Norfloxacin,42 62 65 75 79 80 82 83 85 86 87 89 91 96 97 100 104 105 107 111 113 114 118 120 121 122 123 127 129 131 133 134 135 136 137 138 139 142 143 144 146 147 148 150 151 152 153 154 155 156 157 158 159 160 161 162 164 165
DB01062,Oxybutynin,17 66 72 85 86 90 91 96 100 109 112 114 116 118 122 123 126 129 138 139 146 147 148 149 152 153 154 155 157 158 159 160 161 162 164 165
DB01063,Acetophenazine,36 59 75 79 80 81 82 83 85 86 88 91 95 96 100 104 105 109 111 118 120 121 122 128 129 132 133 135 137 138 139 142 144 147 148 152 153 154 155 156 157 158 159 160 161 162 164 165
DB01064,Isoproterenol,54 72 74 82 95 96 100 104 113 116 127 131 132 139 143 144 146 149 150 151 152 153 155 156 157 158 159 160 161 162 164 165
DB01065,Melatonin,8 11 65 82 90 91 92 93 96 100 104 105 108 110 111 113 116 117 121 126 127 131 137 142 143 147 149 151 152 153 154 155 156 157 158 159 160 161 162 164 165
DB01067,Glipizide,32 33 37 43 51 55 58 59 60 61 64 65 67 69 73 77 79 80 81 82 83 88 89 90 91 92 94 95 96 97 100 102 104 106 110 111 112 117 118 120 121 124 129 130 131 133 136 137 140 142 146 147 148 151 153 154 155 156 158 159 160 161 162 164 165
DB01068,Clonazepam,24 49 56 62 63 70 71 78 79 80 87 92 94 95 96 98 100 102 103 104 105 107 110 111 117 119 120 121 122 124 127 130 132 133 134 135 136 137 142 143 144 146 148 150 151 153 154 156 158 159 161 162 163 164 165
DB01069,Promethazine,36 59 74 75 79 81 83 85 88 93 96 100 105 111 115 116 120 121 122 133 135 137 141 142 144 148 149 153 155 156 158 160 161 162 165
DB01070,Dihydrotachysterol,11 50 66 74 76 90 96 99 104 108 112 115 116 118 127 128 129 132 139 141 143 147 149 150 152 157 160 164 165
DB01071,Mequitazine,36 59 75 80 81 83 85 86 88 96 100 105 111 118 120 121 122 128 129 133 135 137 138 142 144 147 148 153 155 156 158 161 162 165
DB01072,Atazanavir,23 52 53 54 62 65 66 69 74 79 80 83 86 90 91 92 93 94 95 96 97 100 104 106 110 111 112 117 121 122 123 124 126 129 131 132 136 137 138 139 140 141 142 146 148 149 151 152 153 154 155 156 157 158 159 160 161 162 164 165
DB01073,Fludarabine,8 11 29 38 42 43 48 54 57 62 65 69 72 75 77 79 80 83 84 85 87 89 90 91 92 95 96 97 102 105 106 107 109 110 112 117 120 121 122 124 126 127 130 131 132 133 134 135 137 139 140 142 143 146 148 150 151 152 153 155 156 157 158 159 161 162 164 165
DB01074,Perhexiline,82 83 90 91 96 100 104 111 118 121 128 129 133 137 147 151 153 155 156 158 161 165
DB01075,Diphenhydramine,74 85 93 95 96 100 109 111 115 116 122 126 132 138 147 148 149 152 153 155 157 158 160 161 162 164 165
DB01076,Atorvastatin,8 11 42 53 62 65 74 75 80 85 87 89 90 91 92 96 97 100 104 107 108 110 111 117 121 122 123 128 129 131 132 133 134 135 136 137 139 140 142 144 146 147 148 149 150 151 152 153 154 155 156 157 158 159 160 161 162 164 165
DB01078,Deslanoside,8 11 50 53 54 57 62 66 72 76 82 83 89 90 91 96 99 104 108 109 112 115 116 118 120 123 126 127 128 129 131 132 137 138 139 140 141 143 146 147 149 150 152 153 154 155 157 159 160 164 165
DB01079,Tegaserod,8 11 25 43 45 50 52 54 68 69 76 77 78 79 80 82 84 90 91 94 96 99 100 105 106 108 109 111 114 115 116 118 119 121 124 129 131 133 135 137 138 139 142 144 147 151 153 155 156 157 158 160 161 162 164 165
DB01080,Vigabatrin,34 84 90 99 104 111 123 131 132 139 147 151 154 155 156 157 158 159 161 164
DB01081,Diphenoxylate,41 62 66 75 83 85 86 96 100 109 111 112 114 118 121 122 123 126 128 129 133 137 138 142 147 148 153 154 155 157 158 159 160 161 162 164 165
DB01083,Orlistat,16 22 57 74 89 95 104 108 110 111 114 115 116 117 118 123 126 127 128 129 132 136 137 140 141 143 146 147 149 150 151 152 154 155 156 157 158 159 160 161 164 165
DB01084,Emedastine,8 11 25 62 65 75 77 79 80 85 86 93 95 96 98 100 105 106 108 109 111 114 115 116 118 120 121 122 126 128 129 132 133 135 137 138 142 144 147 148 149 150 153 155 156 157 158 160 161 162 163 164 165
DB01085,Pilocarpine,8 11 57 65 75 77 79 85 93 108 109 111 114 116 120 121 122 123 127 128 129 137 142 143 144 148 149 150 153 154 155 156 157 158 159 160 161 162 164 165
DB01086,Benzocaine,84 96 109 114 123 126 133 135 151 153 154 155 156 157 158 159 160 161 162 164 165
DB01087,Primaquine,65 79 82 83 84 90 91 93 96 97 100 104 105 108 111 113 115 116 118 121 126 127 131 133 135 137 142 143 147 149 151 152 153 155 156 157 158 160 161 162 164 165
DB01088,Iloprost,11 17 19 50 72 76 90 91 96 99 104 109 115 116 118 123 126 127 128 129 131 132 136 139 140 143 146 147 149 150 152 153 154 155 157 159 160 162 164 165
DB01089,Deserpidine,8 11 65 72 79 83 85 86 89 90 91 93 96 100 105 108 111 113 120 121 122 123 126 127 128 129 132 133 136 137 138 140 141 142 143 144 146 147 148 149 150 152 153 154 156 157 158 159 160 161 162 164 165
DB01090,Pentolinium,8 11 30 49 75 85 86 93 100 108 111 112 115 116 118 120 121 122 128 129 133 137 138 142 147 148 149 153 155 158 160 161 165
DB01091,Butenafine,66 74 85 86 93 96 100 112 115 122 138 141 148 149 153 155 158 160 161 162 165
DB01092,Ouabain,8 11 50 53 54 57 62 66 72 76 82 83 89 90 91 96 99 104 108 109 112 115 116 118 120 123 126 127 128 129 131 132 137 138 139 140 143 146 147 149 150 152 153 154 155 157 159 160 164 165
DB01093,Dimethyl sulfoxide,51 60 61 67 73 74 88 93 102 124 148 149 160 164
DB01094,Hesperetin,53 57 62 72 83 89 91 93 96 105 113 126 127 131 132 137 139 140 143 144 146 150 152 154 157 159 160 162 164 165
DB01095,Fluvastatin,8 11 42 53 62 65 74 75 85 87 89 91 96 99 104 105 107 121 122 123 131 132 134 137 139 140 144 146 148 149 150 152 154 155 156 157 158 159 160 161 162 164 165
DB01097,Leflunomide,8 11 42 57 65 71 80 89 92 94 96 97 102 106 107 110 112 117 120 121 124 133 134 135 137 142 144 150 151 152 154 156 158 159 160 161 162 164 165
DB01098,Rosuvastatin,25 32 33 42 51 53 55 58 60 61 62 65 67 73 74 77 80 81 83 87 88 89 91 93 94 96 97 99 102 104 106 107 112 117 120 121 122 123 124 130 131 132 133 134 135 136 137 139 140 141 142 144 146 148 149 150 152 154 155 156 157 158 159 160 161 162 164 165
DB01099,Flucytosine,37 38 42 43 65 77 80 83 84 87 96 97 106 107 110 113 117 120 121 127 131 133 134 135 137 142 143 144 150 151 154 156 158 161 162 164 165
DB01100,Pimozide,8 11 37 42 62 65 75 77 79 80 83 85 86 87 91 96 100 105 106 107 110 111 113 117 118 120 121 122 127 128 129 133 134 137 138 142 143 144 147 148 150 153 154 155 156 158 161 162 164 165
DB01101,Capecitabine,8 11 23 37 38 42 54 57 62 65 72 75 77 80 83 85 87 89 90 91 92 95 96 97 106 107 108 109 110 113 114 115 116 117 118 120 121 122 123 126 127 129 131 132 133 134 135 136 137 139 140 142 143 144 146 147 148 149 150 151 152 153 154 155 156 157 158 159 160 161 162 164 165
DB01102,Arbutamine,54 72 82 86 90 91 95 96 100 104 111 113 118 127 128 129 131 132 138 139 140 143 144 146 147 150 151 152 153 155 157 158 159 161 162 164 165
DB01103,Quinacrine,65 80 83 85 86 87 90 91 93 96 100 103 104 105 107 108 111 113 114 115 116 118 121 122 126 127 128 129 133 134 135 137 138 141 142 143 147 148 149 151 152 153 155 156 157 158 160 161 162 164 165
DB01104,Sertraline,62 87 90 93 96 103 104 107 108 111 116 133 134 144 147 150 151 156 158 160 161 162 165
DB01105,Sibutramine,22 62 66 74 85 87 93 96 103 107 108 111 112 115 116 122 128 129 134 141 147 148 149 155 156 158 160 161 162 165
DB01106,Levocabastine,41 42 62 66 75 83 85 86 87 90 91 96 100 107 108 111 112 115 116 118 121 122 123 128 129 133 134 137 138 139 142 147 148 150 153 154 156 157 158 159 160 161 162 164 165
DB01107,Methyprylon,66 82 83 89 90 92 96 97 100 108 110 112 114 115 116 117 121 127 128 133 136 137 141 143 149 150 151 152 153 154 155 156 158 159 160 161 164 165
DB01108,Trilostane,11 41 50 57 66 72 76 89 90 91 96 97 98 99 104 105 108 112 115 116 118 127 128 129 131 132 137 139 143 146 147 149 150 152 157 159 160 161 163 164 165
DB01109,Heparin,33 39 40 43 48 53 54 55 57 58 60 61 67 69 72 73 82 83 88 89 90 91 92 94 95 96 97 102 106 109 110 112 117 120 123 124 126 127 130 131 132 133 136 137 138 139 140 142 143 146 148 150 151 152 153 154 155 156 157 158 159 160 161 164 165
DB01110,Miconazole,8 11 65 75 77 79 85 87 95 96 100 103 107 109 120 121 122 126 129 132 134 137 138 142 144 148 150 152 153 155 157 158 161 162 164 165
DB01113,Papaverine,65 72 83 93 96 111 113 121 126 127 137 140 141 143 144 146 149 150 152 155 156 157 159 160 161 162 164 165
DB01114,Chlorpheniramine,65 74 83 85 87 93 96 100 103 107 111 115 116 121 122 134 137 142 147 148 149 153 155 156 158 160 161 162 165
DB01115,Nifedipine,24 45 49 50 56 62 63 70 71 76 83 93 94 96 97 99 102 119 121 122 123 124 126 130 133 135 136 137 140 141 142 144 146 148 149 150 151 154 156 157 158 159 160 161 162 164 165
DB01116,Trimethaphan,8 11 19 36 37 49 61 75 77 79 81 85 86 88 96 100 105 106 110 111 117 118 120 121 122 127 128 129 133 137 138 142 143 147 148 150 153 154 155 156 158 161 162 164 165
DB01117,Atovaquone,50 62 72 76 87 89 91 96 99 103 107 118 127 129 134 136 139 143 144 146 147 150 152 154 157 159 162 164 165
DB01118,Amiodarone,8 11 27 57 85 86 87 89 95 96 100 105 107 108 109 111 113 114 115 116 118 122 126 127 129 132 134 137 138 141 143 144 146 147 148 149 150 152 153 154 155 157 158 159 160 161 162 164 165
DB01119,Diazoxide,32 33 36 38 51 55 58 59 60 61 67 73 77 78 80 81 83 87 88 94 96 97 102 103 105 106 107 112 117 119 120 121 124 127 130 133 134 135 136 137 142 143 144 148 151 156 158 159 160 161 162 164 165
DB01120,Gliclazide,8 11 19 32 33 37 43 51 52 55 58 59 60 61 64 67 69 73 75 77 79 81 86 88 89 91 94 95 96 97 100 102 104 106 110 111 112 117 118 121 122 124 128 129 130 131 133 136 137 138 142 146 147 148 151 153 154 156 158 159 160 161 162 164 165
DB01121,Phenacemide,37 43 77 84 89 91 92 96 97 104 106 110 111 117 131 132 136 142 151 154 155 156 158 159 161 162 164 165
DB01122,Ambenonium,30 49 54 72 79 82 85 86 87 91 92 95 96 100 103 104 107 108 110 111 112 114 116 117 118 122 129 131 134 136 138 141 142 144 147 148 149 150 151 153 154 155 156 158 159 160 161 162 164 165
DB01123,Proflavine,65 80 83 84 96 105 121 131 133 135 137 142 151 156 158 161 162 165
DB01124,Tolbutamide,32 33 37 43 51 55 58 59 60 61 64 67 69 73 77 81 82 88 89 90 91 94 96 97 100 102 104 106 110 111 112 114 115 116 117 118 124 130 131 136 142 146 147 148 149 151 153 154 155 156 158 159 160 161 162 164 165
DB01125,Anisindione,11 62 89 93 96 113 126 127 136 143 144 146 150 152 154 157 159 160 162 164 165
DB01126,Dutasteride,11 42 66 83 90 91 92 96 99 104 105 106 107 108 110 111 112 115 116 117 118 121 127 128 129 131 133 134 135 136 137 142 143 144 147 149 150 151 154 156 158 159 160 161 162 164 165
DB01128,Bicalutamide,41 42 51 54 55 58 59 60 61 64 66 67 72 73 81 87 88 89 90 92 95 96 102 104 106 107 110 112 115 117 124 130 131 132 133 134 135 136 139 140 142 144 146 148 150 151 152 153 154 155 156 157 158 159 160 161 162 164 165
DB01129,Rabeprazole,8 11 47 51 59 60 61 64 65 67 73 77 79 81 83 88 89 90 93 95 96 97 102 105 106 108 109 111 113 115 116 118 120 121 124 126 127 132 137 138 142 143 144 146 147 148 149 150 152 153 155 156 157 159 160 161 162 164 165
DB01130,Prednicarbate,11 15 26 50 66 72 76 89 91 96 99 104 106 108 109 112 114 115 116 118 123 126 127 128 129 132 136 138 139 140 141 143 146 147 149 150 152 153 154 155 157 159 160 164 165
DB01131,Proguanil,25 43 53 74 77 78 80 84 87 96 103 106 107 119 131 133 134 135 142 149 151 156 158 160 161 162 165
DB01132,Pioglitazone,8 11 36 47 65 81 83 88 89 90 91 92 96 97 106 109 110 111 113 114 117 120 121 126 127 132 133 136 137 142 143 146 147 150 151 152 153 154 155 156 157 158 159 160 161 162 164 165
DB01133,Tiludronate,29 43 48 53 59 64 69 81 87 88 89 96 102 103 106 107 112 124 130 131 134 136 139 140 146 148 159 162 164 165
DB01134,Desoxycorticosterone Pivalate,11 26 50 66 72 74 76 96 99 108 109 112 115 116 118 123 126 127 128 129 132 136 140 141 143 146 147 149 150 152 153 154 155 157 159 160 164 165
DB01135,Doxacurium chloride,30 49 72 75 83 85 86 89 93 96 97 100 103 108 109 111 112 113 115 116 118 120 121 122 123 126 127 128 129 132 133 134 136 137 138 140 141 142 143 144 146 147 148 149 150 152 153 154 155 156 157 158 159 160 161 162 164 165
DB01136,Carvedilol,8 11 54 65 72 82 86 90 91 93 95 96 97 100 104 105 109 111 113 121 126 127 128 129 131 132 137 138 139 140 142 143 144 146 147 150 151 152 153 155 156 157 158 159 160 161 162 164 165
DB01137,Levofloxacin,42 57 62 65 75 79 80 83 85 86 87 89 93 95 96 97 100 105 107 109 111 113 115 116 118 120 121 122 123 127 129 133 134 135 136 137 138 139 140 142 143 144 146 147 148 149 150 152 153 154 156 157 158 159 160 161 162 164 165
DB01138,Sulfinpyrazone,8 11 51 52 59 60 61 62 64 67 73 75 80 81 88 89 92 94 95 96 97 102 110 117 120 121 122 124 127 130 132 133 135 136 137 142 143 146 147 148 150 153 154 155 156 158 159 161 162 164 165
DB01140,Cefadroxil,16 19 22 36 45 47 50 54 76 79 81 83 84 85 88 91 92 95 96 97 99 105 110 113 115 117 120 121 122 123 127 131 133 136 137 139 140 142 143 146 148 150 151 152 153 154 156 157 158 159 160 161 162 164 165
DB01142,Doxepin,50 57 74 76 85 93 96 98 99 100 105 109 111 113 115 116 122 137 138 144 147 148 149 152 153 155 157 158 160 161 162 163 164 165
DB01143,Amifostine,29 43 48 53 67 69 80 81 82 84 86 88 90 91 100 102 104 106 111 112 118 124 128 129 130 131 138 139 142 146 147 148 151 153 155 158 159 161 164
DB01144,Dichlorphenamide,32 33 51 55 58 59 60 61 64 67 69 73 81 84 87 88 94 96 102 103 106 107 112 117 124 130 131 134 136 140 142 144 146 148 150 151 156 159 161 162 164 165
DB01146,Diphenylpyraline,75 83 85 86 93 96 97 100 111 115 116 118 121 122 126 127 129 132 133 137 138 143 147 148 152 153 157 158 160 161 162 164 165
DB01147,Cloxacillin,8 11 16 22 36 47 57 62 65 66 71 74 79 80 81 85 87 88 89 92 94 95 96 97 98 102 103 105 107 110 112 117 120 121 122 123 124 127 131 133 134 136 137 139 140 141 142 143 144 146 148 149 150 151 152 154 156 157 158 159 160 161 162 163 164 165
DB01148,Flavoxate,57 62 75 83 85 86 89 95 96 100 105 109 111 113 118 120 121 122 123 126 127 128 129 132 133 136 137 138 140 143 144 146 147 148 150 152 153 154 155 157 158 159 160 161 162 164 165
DB01149,Nefazodone,8 11 37 38 52 62 65 75 77 79 80 83 85 86 87 94 95 96 97 100 103 106 107 108 109 110 111 113 114 117 118 120 121 122 124 126 127 128 129 132 133 134 135 137 138 142 143 144 147 148 150 152 153 154 155 156 157 158 159 160 161 162 164 165
DB01151,Desipramine,75 80 82 85 90 93 96 98 100 104 105 108 111 115 116 118 121 122 128 133 135 137 138 142 144 147 148 151 153 155 156 158 160 161 162 163 165
DB01154,Thiamylal,34 43 47 53 64 66 73 77 80 81 83 88 89 90 91 92 96 97 99 106 110 112 114 115 116 117 120 121 127 128 129 131 133 136 137 142 143 147 149 150 151 154 155 156 158 159 160 161 164 165
DB01156,Bupropion,66 74 87 95 96 103 107 112 134 141 149 151 152 154 156 158 160 161 162 164 165
DB01157,Trimetrexate,25 38 53 65 72 77 80 82 83 84 89 93 96 97 100 105 106 113 116 120 121 126 127 131 133 135 137 141 142 143 144 146 149 150 151 152 153 155 156 157 158 159 160 161 162 164 165
DB01158,Bretylium,30 46 49 74 85 86 87 93 96 100 107 112 114 115 116 122 134 138 141 144 148 149 150 153 155 158 160 161 162 165
DB01159,Halothane,42 46 103 106 107 112 134
DB01160,Dinoprost Tromethamine,11 53 54 66 82 84 89 90 91 95 99 104 108 109 111 112 114 115 116 118 123 127 128 129 131 132 138 139 140 143 146 147 150 151 152 153 154 155 156 157 158 159 160 161 164 165
DB01161,Chloroprocaine,84 85 86 87 95 96 100 103 107 108 109 111 114 116 122 123 126 129 132 133 134 135 138 142 144 147 148 149 150 151 153 154 155 156 157 158 159 160 161 162 164 165
DB01162,Terazosin,8 11 25 38 57 62 65 72 75 77 79 80 83 84 85 86 92 93 95 96 97 100 105 106 109 110 111 113 117 118 120 121 122 126 127 128 129 132 133 135 137 138 140 142 143 144 146 147 148 149 150 151 152 153 154 156 157 158 159 160 161 162 164 165
DB01165,Ofloxacin,42 57 62 65 75 79 80 83 85 86 87 89 93 95 96 97 100 105 107 109 111 113 115 116 118 120 121 122 123 127 129 133 134 135 136 137 138 139 140 142 143 144 146 147 148 149 150 152 153 154 156 157 158 159 160 161 162 164 165
DB01166,Cilostazol,8 11 38 52 62 65 70 75 77 79 80 83 90 91 92 94 96 104 105 109 110 111 113 117 118 120 121 122 124 126 127 128 129 130 132 133 135 137 142 143 144 147 148 150 151 152 153 154 155 156 157 158 159 161 162 164 165
DB01167,Itraconazole,8 11 37 52 57 62 65 72 75 77 79 80 83 85 86 87 89 94 95 96 97 100 103 106 107 109 110 111 112 113 114 115 117 118 120 121 122 123 124 126 127 128 129 130 132 133 134 135 137 138 140 142 143 144 146 147 148 149 150 152 153 154 155 156 157 158 159 160 161 162 164 165
DB01169,Arsenic trioxide,3 16 22 57 89 102 105 106 120 124 130 137 146 148 159 164 165
DB01170,Guanethidine,19 25 43 75 77 78 79 84 85 86 90 91 100 101 106 111 118 119 121 122 128 129 131 133 137 138 142 147 148 151 153 155 156 158 161 165
DB01171,Moclobemide,57 75 79 82 83 85 86 87 91 92 95 96 100 103 104 107 109 110 111 117 118 120 121 122 128 129 132 133 134 137 138 142 147 148 151 153 154 155 156 157 158 159 161 162 164 165
DB01173,Orphenadrine,74 85 93 95 96 100 109 111 115 116 122 126 132 138 141 144 147 148 149 150 152 153 155 157 158 160 161 162 164 165
DB01174,Phenobarbital,37 43 53 62 66 77 80 83 89 90 92 96 97 106 110 112 114 117 120 121 127 131 133 136 137 142 143 146 150 151 154 155 156 158 159 160 161 162 164 165
DB01175,Escitalopram,8 11 41 42 57 62 66 74 85 87 93 96 100 107 108 109 111 112 115 116 118 122 128 129 132 134 137 138 142 144 147 148 149 152 153 155 157 158 160 161 162 164 165
DB01176,Cyclizine,75 79 83 85 86 93 96 100 111 115 116 118 120 121 122 129 133 137 138 142 147 148 153 156 158 160 161 162 165
DB01177,Idarubicin,54 57 66 72 83 84 89 90 91 95 96 97 104 108 111 112 113 116 123 126 127 128 131 132 133 136 137 139 140 143 144 146 149 150 151 152 154 156 157 158 159 160 161 162 164 165
DB01178,Chlormezanone,36 47 51 55 58 60 61 62 67 73 75 81 83 85 87 88 92 93 95 96 102 103 107 108 110 111 112 116 117 120 121 122 124 127 130 132 133 134 136 137 143 146 147 148 150 153 154 156 158 159 160 161 162 164 165
DB01179,Podofilox,8 11 28 57 62 72 89 90 93 96 105 109 113 120 123 126 127 137 138 139 140 141 143 144 146 149 150 152 153 154 157 159 160 162 164 165
DB01180,Rescinnamine,8 11 65 72 79 83 85 86 89 90 91 93 96 97 99 100 105 108 111 113 120 121 122 123 126 127 128 129 132 133 136 137 138 140 141 142 143 144 146 147 148 149 150 152 153 154 156 157 158 159 160 161 162 164 165
DB01181,Ifosfamide,29 57 69 75 77 82 83 86 90 91 94 96 97 100 102 103 104 106 109 111 112 117 118 120 121 122 124 127 128 129 130 132 133 134 137 138 142 143 147 148 150 151 153 155 156 157 158 159 161 164 165
DB01182,Propafenone,54 72 82 86 89 90 91 95 96 97 100 104 108 109 111 113 114 115 118 126 127 128 129 131 132 138 139 143 144 146 147 150 151 152 153 154 155 157 158 159 160 161 162 164 165
DB01183,Naloxone,8 11 19 34 57 66 72 75 83 85 86 89 90 91 95 96 99 100 104 105 111 112 113 118 120 121 122 127 128 129 131 132 133 137 138 139 140 143 144 146 147 148 152 153 154 155 156 157 158 159 161 162 164 165
DB01184,Domperidone,8 11 37 62 65 75 77 79 80 83 85 86 87 90 91 96 100 103 105 106 107 110 111 113 117 118 120 121 122 127 128 129 131 133 134 136 137 138 142 143 144 147 148 150 153 154 155 156 158 159 161 162 164 165
DB01185,Fluoxymesterone,11 26 42 50 66 76 87 90 91 96 99 104 107 108 112 115 116 118 127 128 129 131 132 134 139 141 143 146 147 149 150 152 154 157 159 160 164 165
DB01186,Pergolide,8 11 65 75 83 85 86 88 90 91 93 96 100 105 108 111 114 115 120 121 122 128 129 133 137 138 142 147 148 149 153 155 156 158 160 161 162 165
DB01188,Ciclopirox,13 24 62 65 69 71 72 75 83 91 92 94 96 102 110 113 117 118 121 122 124 127 129 137 139 143 144 147 148 150 154 156 159 160 161 162 164 165
DB01189,Desflurane,42 106 107 112 126 134 157 164
DB01191,Dexfenfluramine,42 82 96 100 104 106 107 108 111 112 114 115 116 129 134 149 151 153 155 156 158 160 161 162 165
DB01192,Oxymorphone,8 11 19 57 66 72 75 83 85 89 90 91 93 95 96 100 104 105 108 111 112 113 115 116 118 120 121 122 127 128 129 131 132 133 137 139 140 143 144 146 147 148 152 153 154 156 157 158 159 160 161 162 164 165
DB01193,Acebutolol,54 72 74 82 89 90 92 95 96 97 100 104 109 110 111 113 114 115 116 117 126 127 131 132 133 135 136 138 139 140 141 142 143 144 146 147 149 150 151 152 153 154 155 156 157 158 159 160 161 162 164 165
DB01194,Brinzolamide,8 11 32 33 36 51 55 58 59 60 61 64 67 69 73 75 79 81 82 83 84 86 88 91 93 94 96 97 100 102 104 105 106 108 109 111 112 114 115 116 117 118 120 121 122 124 126 127 128 129 130 131 132 133 136 137 138 140 142 143 144 146 147 148 149 150 151 153 155 156 157 158 159 160 161 162 164 165
DB01195,Flecainide,42 54 79 82 83 89 90 91 92 96 97 100 104 106 107 109 110 111 112 113 117 118 121 126 127 128 129 131 133 134 137 138 142 143 144 146 147 150 151 152 153 154 155 156 157 158 159 161 162 164 165
DB01196,Estramustine,11 23 66 85 86 90 91 96 100 103 104 106 108 110 111 112 113 115 116 117 118 122 123 126 127 128 129 132 134 138 139 143 144 146 147 148 150 152 153 154 155 156 157 158 159 160 161 162 164 165
DB01197,Captopril,8 11 75 82 85 88 90 91 92 95 100 108 110 111 115 117 118 121 122 123 128 131 133 136 137 138 139 146 147 148 150 153 154 155 156 157 158 159 160 161 164 165
DB01198,Zopiclone,8 11 23 38 62 65 75 77 79 80 83 85 86 87 89 92 93 95 96 97 100 103 105 106 107 110 111 115 116 117 118 120 121 122 123 126 127 129 133 134 135 136 137 138 142 143 144 146 147 148 150 153 154 156 157 158 159 160 161 162 164 165
DB01199,Tubocurarine,30 49 57 72 74 75 83 85 89 93 96 97 100 105 111 112 113 115 116 118 120 121 122 126 127 128 129 131 133 137 138 139 140 141 142 143 144 146 147 148 149 150 152 153 156 157 158 159 160 161 162 164 165
DB01200,Bromocriptine,8 11 23 26 46 50 53 57 65 72 74 75 76 79 80 83 85 87 89 90 91 92 93 95 96 97 99 100 105 106 107 110 111 112 115 116 117 118 120 121 122 123 127 128 129 131 133 134 136 137 138 139 140 141 142 143 144 146 147 148 149 150 151 152 153 154 155 156 157 158 159 160 161 162 164 165
DB01202,Levetiracetam,8 11 75 79 84 85 90 91 92 95 100 108 110 111 114 117 118 121 122 127 128 129 132 133 136 137 142 143 147 148 150 151 153 154 155 156 158 159 160 161 164 165
DB01203,Nadolol,54 66 72 74 82 90 95 96 97 100 104 109 112 113 116 126 127 128 129 131 132 138 139 140 141 143 144 146 149 150 151 152 153 155 156 157 158 159 160 161 162 164 165
DB01204,Mitoxantrone,54 79 82 86 89 91 95 96 97 100 104 109 111 113 118 127 128 129 131 132 133 135 136 138 139 140 142 143 144 146 147 151 152 153 154 155 156 157 158 159 161 162 164 165
DB01205,Flumazenil,8 11 42 65 75 77 79 80 85 87 92 93 95 96 97 98 100 105 107 109 110 111 114 115 117 120 121 122 123 126 127 133 134 135 136 137 138 142 143 144 146 148 149 150 153 154 155 156 157 158 159 160 161 162 163 164 165
DB01207,Ridogrel,24 42 65 71 78 80 83 90 91 94 96 102 104 106 107 109 111 112 118 119 121 123 124 126 129 132 134 137 139 142 146 147 153 154 155 156 157 159 161 162 164 165
DB01208,Sparfloxacin,42 62 65 75 79 80 83 84 85 86 87 89 91 96 97 100 104 105 107 108 111 113 115 120 121 122 123 127 131 133 134 135 136 137 138 139 142 143 144 146 148 149 150 151 152 153 154 156 157 158 159 160 161 162 164 165
DB01209,Dezocine,19 66 84 90 91 96 101 108 112 113 115 116 118 127 128 129 131 133 139 143 144 147 150 151 152 156 157 158 160 161 162 164 165
DB01210,Levobunolol,54 66 72 74 82 90 95 96 97 100 104 109 112 113 116 118 126 127 128 131 132 138 139 141 143 144 146 147 149 151 152 153 154 155 156 157 158 159 160 161 162 164 165
DB01213,Fomepizole,8 11 52 65 69 80 94 120 121 124 137 142 160 161 162 165
DB01214,Metipranolol,54 72 74 82 90 95 96 97 100 104 108 109 113 116 123 126 127 131 132 138 139 140 141 143 144 146 149 150 151 152 153 154 155 156 157 158 159 160 161 162 164 165
DB01215,Estazolam,8 11 38 52 62 65 77 78 79 80 85 87 94 96 98 100 103 105 107 111 119 120 121 122 124 133 134 135 137 142 144 148 153 156 158 161 162 163 165
DB01216,Finasteride,11 66 74 83 90 91 92 96 99 104 105 108 110 111 112 115 116 117 118 121 127 128 129 131 133 136 137 141 142 143 147 149 150 151 154 156 158 159 160 161 164 165
DB01217,Anastrozole,8 11 41 52 65 66 74 75 77 79 80 94 96 100 111 112 120 121 122 124 137 141 142 148 149 153 155 156 158 160 161 162 165
DB01218,Halofantrine,42 85 86 87 90 96 97 100 103 104 106 107 111 112 114 115 116 118 122 128 129 132 134 138 139 147 148 149 152 153 155 157 158 160 161 162 164 165
DB01219,Dantrolene,8 11 24 37 49 52 56 57 62 63 70 71 75 77 78 79 80 89 90 92 94 95 96 97 100 102 104 106 110 111 117 119 120 121 122 124 127 130 132 133 135 136 137 140 142 143 146 148 150 151 152 153 154 156 158 159 161 162 164 165
DB01221,Ketamine,62 66 87 90 91 93 95 96 103 104 107 108 111 112 116 118 127 129 132 133 134 143 144 147 150 151 152 154 156 158 160 161 162 164 165
DB01222,Budesonide,8 11 19 26 50 57 66 72 76 82 89 91 96 99 104 105 108 109 112 114 115 116 118 120 123 127 128 129 131 132 136 137 139 140 141 143 146 147 149 150 152 153 154 155 157 159 160 164 165
DB01223,Aminophylline,8 11 37 38 54 65 75 77 79 80 82 83 84 85 89 92 93 95 96 97 100 104 105 106 110 111 113 117 120 121 122 127 131 136 137 138 140 141 142 143 144 146 147 148 149 150 151 153 154 155 156 158 159 160 161 162 164 165
DB01224,Quetiapine,36 38 59 62 72 75 77 78 79 81 82 83 85 86 88 91 95 96 98 100 104 105 109 111 118 119 120 121 122 126 128 129 132 133 135 137 138 139 142 144 147 148 153 155 156 157 158 159 161 162 163 164 165
DB01225,Enoxaparin,33 39 40 43 48 53 54 55 57 58 60 61 67 69 72 73 82 83 88 89 90 91 92 94 95 96 97 102 106 109 110 112 117 120 123 124 126 127 130 131 132 133 136 137 138 139 140 142 143 146 148 150 151 152 153 154 155 156 157 158 159 160 161 164 165
DB01226,Mivacurium,30 49 72 75 83 85 86 89 93 96 97 99 100 108 109 111 112 113 115 116 118 120 121 122 123 126 127 128 129 132 133 136 137 138 140 141 142 143 144 146 147 148 149 150 152 153 154 155 156 157 158 159 160 161 162 164 165
DB01227,Levomethadyl Acetate,66 74 85 93 96 108 111 112 114 115 116 122 123 126 129 132 141 148 149 152 154 155 156 157 158 159 160 161 162 164 165
DB01228,Encainide,75 83 85 86 91 92 93 96 100 108 110 111 113 115 117 118 121 122 126 127 128 129 133 135 137 138 142 143 144 147 148 149 150 151 152 153 154 155 156 157 158 159 160 161 162 164 165
DB01229,Paclitaxel,16 19 22 26 50 54 57 66 72 74 76 89 92 95 96 97 99 101 104 105 108 109 110 112 116 117 123 126 127 129 131 132 136 137 139 140 141 143 146 149 150 151 152 153 154 156 157 158 159 160 161 162 164 165
DB01231,Diphenidol,66 75 83 85 86 90 91 96 100 104 111 112 118 121 122 128 129 132 133 137 138 139 147 148 152 153 155 157 158 161 162 164 165
DB01232,Saquinavir,53 54 65 66 74 75 79 80 83 84 85 86 90 91 92 95 96 97 100 104 105 110 111 112 117 118 120 121 122 128 129 131 132 133 136 137 138 139 140 141 142 146 147 148 149 150 151 152 153 154 155 156 157 158 159 160 161 162 164 165
DB01233,Metoclopramide,79 82 84 85 86 87 89 91 92 93 96 97 100 103 104 107 108 110 111 113 114 116 117 122 126 127 129 131 133 134 135 138 141 142 143 144 147 148 149 150 151 152 153 154 155 156 157 158 159 160 161 162 164 165
DB01234,Dexamethasone,11 26 42 50 53 66 72 76 82 87 89 90 91 96 99 104 107 108 109 112 115 116 127 128 129 131 132 134 136 139 140 141 143 146 147 149 150 152 153 154 155 157 159 160 164 165
DB01235,Levodopa,54 72 84 90 91 95 96 104 111 113 123 127 131 139 140 143 144 146 150 151 152 154 155 156 157 158 159 161 162 164 165
DB01236,Sevoflurane,28 42 106 107 109 112 126 134 152 153 155 157 164
DB01237,Bromodiphenhydramine,46 74 85 87 93 95 96 100 107 109 111 115 116 122 126 132 134 138 147 148 149 152 153 155 157 158 160 161 162 164 165
DB01238,Aripiprazole,62 75 79 83 85 86 87 90 91 92 96 97 100 103 104 105 107 109 110 111 113 117 118 120 121 122 126 127 128 129 132 133 134 135 137 138 142 143 144 147 148 150 151 152 153 154 155 156 157 158 159 161 162 164 165
DB01239,Chlorprothixene,36 50 59 74 76 81 83 85 87 88 93 96 99 100 103 105 107 111 115 116 122 134 137 144 147 148 149 153 155 158 160 161 162 165
DB01240,Epoprostenol,8 11 19 57 76 89 90 91 99 104 105 108 114 115 116 118 123 127 128 129 131 132 137 139 140 143 146 147 150 152 154 155 157 159 160 164 165
DB01241,Gemfibrozil,66 74 90 91 96 108 109 112 113 115 116 118 123 126 127 132 139 141 143 144 146 147 149 150 152 153 154 155 157 159 160 162 164 165
DB01242,Clomipramine,74 75 80 85 87 93 96 98 100 103 105 107 108 111 115 116 118 121 122 128 133 134 135 137 138 142 144 147 148 149 153 155 156 158 160 161 162 163 165
DB01244,Bepridil,8 11 74 75 79 85 86 95 96 97 100 108 109 111 115 118 121 122 126 128 129 133 135 137 138 142 147 148 149 153 155 156 157 158 160 161 162 164 165
DB01245,Decamethonium,30 49 74 85 93 100 108 111 112 115 116 118 122 128 129 138 141 142 147 148 149 153 155 158 160 161
DB01246,Trimeprazine,36 59 74 75 80 81 83 85 88 93 96 100 105 108 115 120 121 122 133 135 137 138 141 142 144 148 149 153 155 156 158 160 161 162 165
DB01247,Isocarboxazid,8 11 52 57 65 68 69 71 79 80 82 89 92 94 95 96 97 100 102 104 110 111 117 120 121 124 130 131 137 142 151 152 153 154 155 156 158 159 160 161 162 164 165
DB01248,Docetaxel,16 19 22 23 26 50 54 57 66 72 74 76 89 95 96 97 99 101 104 105 106 108 109 110 112 116 117 123 126 127 129 131 132 136 137 139 140 141 143 146 149 150 151 152 153 154 156 157 158 159 160 161 162 164 165
DB01252,Mitiglinide,8 11 75 85 86 90 92 96 100 110 111 117 118 121 122 123 128 129 132 133 136 137 138 139 146 147 148 153 154 155 156 157 158 159 161 162 164 165
DB01254,Dasatinib,8 11 36 38 47 62 65 75 77 79 80 81 82 83 85 86 87 88 91 92 95 96 97 100 103 104 106 107 109 110 111 117 118 120 121 122 128 129 131 132 133 134 135 137 138 139 142 144 147 148 149 150 151 153 154 155 156 157 158 159 160 161 162 164 165
DB01255,Lisdexamfetamine,54 79 82 84 90 91 92 95 96 100 104 110 111 115 117 118 129 131 142 147 151 153 154 155 156 158 160 161 162 164 165
DB01258,Aliskiren,53 54 66 72 74 80 82 84 89 90 91 92 93 95 96 97 100 104 108 109 110 111 112 113 115 116 117 118 126 127 128 129 131 132 136 138 139 140 141 142 143 144 146 147 149 150 151 152 153 154 155 156 157 158 159 160 161 162 164 165
DB01259,Lapatinib,8 11 38 42 51 55 57 58 60 61 62 65 67 73 77 80 82 83 86 87 88 93 95 96 97 100 102 103 104 105 107 109 111 112 113 115 116 120 121 124 126 127 129 130 131 132 133 134 135 136 137 138 140 142 143 144 146 147 148 150 151 152 153 155 156 157 158 159 160 161 162 164 165
DB01260,Desonide,8 11 19 26 50 57 66 72 74 76 82 89 91 96 99 104 105 108 109 112 115 116 120 123 127 128 129 131 132 136 137 139 140 141 143 146 147 149 150 152 153 154 155 157 159 160 164 165
DB01261,Sitagliptin,8 11 38 42 52 65 75 77 79 80 83 84 85 86 87 92 94 96 97 100 104 105 106 107 110 111 112 117 120 121 122 124 128 129 132 133 134 137 138 142 144 147 148 150 151 153 154 155 156 158 161 162 164 165
DB01262,Decitabine,8 11 25 37 53 57 62 65 72 75 77 80 82 83 84 85 89 90 91 92 96 97 104 106 109 110 111 113 117 120 121 122 127 128 129 131 132 133 135 137 139 140 142 143 144 146 148 150 151 152 153 154 155 156 157 158 159 161 162 164 165
DB01267,Paliperidone,8 11 38 42 57 62 65 71 75 77 80 83 85 86 87 90 91 92 94 95 96 97 100 102 104 105 107 108 110 111 113 116 117 118 120 121 122 124 127 128 129 132 133 134 137 138 139 142 143 144 146 147 148 150 152 153 154 155 156 157 158 159 160 161 162 164 165
DB01268,Sunitinib,8 11 42 50 53 65 76 79 80 82 85 86 87 91 92 96 97 99 100 104 105 107 108 110 111 114 116 117 120 121 122 127 129 131 133 134 135 136 137 138 141 142 143 144 147 148 149 150 151 153 154 155 156 158 159 160 161 162 164 165
DB01273,Varenicline,11 65 79 82 83 86 90 96 98 100 105 120 121 133 137 138 142 144 151 153 156 158 161 162 163 165
DB01274,Arformoterol,54 82 93 95 96 100 104 110 111 113 115 116 117 126 127 129 131 132 133 135 139 140 142 143 144 146 149 150 151 152 153 154 155 156 157 158 159 160 161 162 164 165
DB01275,Hydralazine,38 52 65 68 69 77 79 80 83 84 94 96 120 121 124 130 131 133 135 137 142 151 156 158 161 162 165
DB01282,Carbetocin,8 11 36 53 54 74 75 79 80 82 84 85 86 88 90 91 92 93 95 96 97 100 104 108 110 111 113 114 115 116 117 118 120 121 122 127 128 129 131 132 133 136 137 138 139 140 141 142 143 146 147 148 149 150 151 152 153 154 155 156 157 158 159 160 161 162 164 165
DB01283,Lumiracoxib,42 87 90 96 103 104 107 108 123 131 132 133 134 135 139 144 150 151 154 155 156 157 158 159 160 161 162 164 165
DB01284,Cosyntropin,8 11 25 43 53 54 65 74 75 77 78 79 80 82 84 85 88 89 90 91 92 93 95 96 97 100 104 105 106 109 110 111 113 115 116 117 118 119 120 121 122 123 127 128 129 131 132 133 136 137 138 139 140 141 142 143 146 147 148 149 150 151 152 153 154 155 156 157 158 159 160 161 162 164 165
DB01288,Fenoterol,53 54 82 89 95 96 100 104 111 113 115 116 127 129 131 132 139 140 143 146 151 152 153 155 156 157 158 159 160 161 162 164 165
DB01291,Pirbuterol,53 54 65 66 74 80 82 83 89 90 95 96 100 104 109 111 112 113 116 121 127 131 132 137 138 139 141 142 143 144 146 149 150 151 152 153 155 156 157 158 159 160 161 162 164 165
DB01295,Bevantolol,54 72 82 86 90 91 93 95 96 97 100 104 109 111 113 126 127 128 129 131 132 138 139 140 141 143 144 146 147 149 150 151 152 153 155 157 158 159 160 161 162 164 165
DB01297,Practolol,54 72 74 82 90 92 95 96 97 100 104 109 110 113 116 117 126 127 131 132 133 135 138 139 141 142 143 146 149 151 152 153 154 155 156 157 158 159 160 161 162 164 165
DB01320,Fosphenytoin,8 11 28 29 37 43 48 62 66 69 75 77 79 85 89 90 91 92 95 96 97 100 102 106 109 110 112 117 120 121 122 124 126 127 130 131 133 136 137 139 140 142 143 146 148 150 151 153 154 155 156 157 158 159 161 162 164 165
DB01325,Quinethazone,32 33 38 43 51 53 55 58 59 60 61 64 67 69 73 77 80 81 83 84 87 88 92 94 96 97 102 103 104 105 106 107 110 111 112 114 117 120 121 124 127 130 131 133 134 135 136 137 142 143 144 146 148 150 151 154 155 156 158 159 160 161 162 164 165
DB01327,Cefazolin,8 11 16 19 22 36 45 47 50 52 59 64 65 70 75 76 77 79 80 81 83 85 88 91 92 94 95 96 97 99 100 104 105 106 110 111 117 120 121 122 123 124 127 130 131 132 133 136 137 138 139 140 142 143 146 148 150 151 153 154 155 156 157 158 159 160 161 162 164 165
DB01328,Cefonicid,8 11 16 19 22 28 36 39 40 45 47 48 50 51 52 54 55 58 59 60 61 64 65 67 69 70 72 73 75 76 77 79 80 81 83 85 88 91 92 94 95 96 97 99 100 102 104 105 106 110 111 112 117 120 121 122 123 124 127 128 130 131 132 133 136 137 138 139 140 142 143 144 146 148 150 151 152 153 154 155 156 157 158 159 161 162 164 165
DB01329,Cefoperazone,8 11 16 19 22 36 37 45 47 50 52 54 59 64 65 70 72 75 76 77 79 80 81 83 85 86 88 89 90 91 92 93 94 95 96 97 99 100 105 106 108 110 111 113 114 116 117 120 121 122 123 124 127 129 130 131 133 136 137 138 139 140 142 143 144 146 147 148 149 150 151 152 153 154 155 156 157 158 159 160 161 162 164 165
DB01337,Pancuronium,11 30 46 49 62 66 75 83 85 86 93 95 96 100 108 111 112 115 116 118 120 121 122 123 126 127 128 129 132 133 134 136 137 138 140 141 142 143 146 147 148 149 150 152 153 154 156 157 158 159 160 161 164 165
DB01338,Pipecuronium,11 30 49 62 66 74 75 79 83 85 86 93 95 96 100 108 111 112 115 116 118 120 121 122 123 126 127 128 129 132 133 136 137 138 140 141 142 143 146 147 148 149 150 152 153 154 156 157 158 159 160 161 164 165
DB01342,Forasartan,8 11 38 52 62 65 69 70 75 77 79 80 83 94 96 100 111 114 115 116 118 120 121 122 124 128 129 130 137 142 144 147 148 149 150 153 155 156 158 160 161 162 165
DB01348,Spirapril,8 11 36 75 79 81 85 88 90 91 92 95 96 100 104 105 108 109 110 111 112 114 117 118 120 121 122 123 126 128 129 131 133 136 137 138 139 140 142 146 147 148 149 150 151 153 154 155 156 157 158 159 160 161 162 164 165
DB01353,Butethal,37 43 53 66 77 80 83 89 90 91 92 96 97 106 108 110 112 114 115 116 117 118 120 121 127 128 129 131 133 136 137 142 143 146 147 149 150 151 154 155 156 158 159 160 161 164 165
DB01355,Hexobarbital,37 50 62 66 75 76 77 80 83 85 89 91 92 93 96 97 99 106 108 110 112 116 117 118 120 121 122 127 129 133 136 137 142 143 146 147 148 149 150 151 154 156 158 159 160 161 164 165
DB01359,Penbutolol,11 54 62 66 72 74 82 90 95 96 97 100 104 109 112 113 116 118 126 127 131 132 138 139 141 143 144 147 149 150 151 152 153 155 156 157 158 159 160 161 162 164 165
DB01365,Mephentermine,66 74 93 96 104 111 112 115 116 141 149 151 155 156 158 160 161 162 165
DB01366,Procaterol,54 65 74 83 90 92 95 96 104 105 108 110 111 113 114 117 121 127 131 137 139 141 142 143 146 149 151 152 154 155 156 157 158 159 160 161 162 164 165
DB01367,Rasagiline,11 17 82 90 91 96 100 104 111 128 129 133 144 147 151 153 155 156 158 161 162 165
DB01382,Glycodiazine,25 32 33 51 55 58 59 60 61 64 65 67 69 72 73 77 80 81 83 88 93 94 95 96 97 102 106 109 112 113 115 116 117 120 121 124 126 127 130 132 133 135 136 137 138 140 142 143 146 147 148 151 152 153 155 156 157 158 159 160 161 162 164 165
DB01384,Paramethasone,11 26 42 50 53 66 72 76 82 87 89 90 91 96 99 104 107 108 109 112 115 116 127 128 129 131 132 134 136 139 140 141 143 146 149 150 152 153 154 155 157 159 160 164 165
DB01388,Mibefradil,8 11 38 42 65 66 72 74 77 79 85 86 87 90 91 93 96 97 100 104 105 107 108 109 111 112 115 116 118 120 121 122 123 126 127 128 129 132 134 137 138 141 142 143 144 146 147 148 149 150 152 153 154 155 156 157 158 159 160 161 162 164 165
DB01392,Yohimbine,8 11 65 79 83 85 86 89 90 91 93 96 100 104 105 111 118 120 121 122 123 126 127 128 129 131 132 133 137 138 139 142 143 144 146 147 148 150 152 153 154 156 157 158 159 160 161 162 164 165
DB01393,Bezafibrate,66 72 74 82 87 92 96 100 103 104 107 110 111 112 113 117 123 126 127 131 134 136 139 140 143 146 147 149 151 152 153 154 155 156 157 158 159 160 161 162 164 165
DB01394,Colchicine,72 89 90 92 93 96 104 108 110 111 113 117 126 127 133 136 140 141 143 144 145 146 147 149 150 151 152 154 156 157 158 159 160 161 162 163 164 165
DB01395,Drospirenone,8 11 26 50 57 66 76 96 99 105 108 112 115 116 118 123 127 128 129 132 136 137 143 146 147 149 152 154 157 159 160 163 164 165
DB01396,Digitoxin,8 11 50 54 57 62 66 72 76 83 89 90 91 96 99 104 108 109 112 115 116 118 120 123 126 127 128 129 131 132 137 139 140 141 143 146 147 149 150 152 153 154 157 159 160 164 165
DB01399,Salsalate,89 96 113 123 126 127 131 136 139 140 143 144 146 150 152 154 157 159 162 164 165
DB01400,Neostigmine,23 30 49 74 85 93 96 97 106 110 112 113 117 122 123 126 127 133 135 141 142 143 148 149 152 154 156 157 158 159 160 161 162 164 165
DB01403,Methotrimeprazine,36 59 74 75 80 81 83 85 88 93 96 97 100 105 108 113 115 120 121 122 126 127 133 135 137 138 141 142 143 144 148 149 152 153 155 156 157 158 160 161 162 164 165
DB01406,Danazol,8 11 17 26 50 57 65 66 71 76 90 91 94 96 97 99 102 104 105 108 112 115 116 118 120 121 124 127 128 129 132 137 139 143 144 147 149 150 152 157 159 160 161 162 164 165
DB01407,Clenbuterol,54 66 74 82 84 87 95 96 100 103 104 107 112 116 131 132 133 134 135 139 141 142 144 149 150 151 152 153 155 156 157 158 160 161 162 164 165
DB01408,Bambuterol,23 54 66 74 82 85 89 93 95 96 100 104 106 110 112 113 116 117 122 123 126 127 131 132 136 139 140 141 142 143 146 148 149 151 152 153 154 155 156 157 158 159 160 161 162 164 165
DB01409,Tiotropium,8 11 19 30 36 46 49 57 66 72 74 75 81 83 85 88 93 95 96 97 105 111 112 116 120 121 122 123 126 127 132 133 134 137 139 140 143 146 148 149 152 154 156 157 158 159 160 161 162 163 164 165
DB01410,Ciclesonide,8 11 19 26 50 57 62 66 72 74 76 89 91 96 99 104 105 108 109 112 115 116 118 120 123 126 127 128 129 132 136 137 139 140 141 143 146 147 149 150 152 153 154 155 157 159 160 164 165
DB01411,Pranlukast,8 11 38 52 57 62 65 69 70 77 79 80 83 89 92 94 95 96 97 105 109 110 113 117 118 120 121 124 126 127 129 130 131 132 133 135 136 137 140 142 143 146 147 151 152 153 154 155 156 157 158 159 161 162 164 165
DB01415,Ceftibuten,8 11 16 19 22 36 45 47 50 65 76 77 79 80 81 83 84 85 88 91 92 95 96 97 99 104 105 106 110 117 120 121 122 123 127 131 132 133 135 136 137 139 140 142 143 146 148 150 151 153 154 155 156 157 158 159 161 162 164 165
DB01418,Acenocoumarol,24 49 56 57 63 70 71 83 89 91 94 96 102 105 113 115 119 122 123 124 127 130 132 133 135 136 137 139 140 143 144 146 148 150 152 154 155 156 157 158 159 160 161 162 164 165
DB01427,Amrinone,54 62 65 79 83 84 92 95 96 110 113 117 120 121 127 131 133 135 137 142 143 144 150 151 154 156 158 161 162 164 165
DB01430,Almitrine,25 34 42 53 62 65 75 77 79 80 82 83 85 86 87 96 99 100 106 107 111 118 120 121 122 129 131 133 134 135 137 138 142 147 148 151 153 155 156 158 161 162 165
DB01452,Heroin,8 11 19 57 66 72 75 83 85 93 96 99 100 105 111 112 113 115 116 120 121 122 123 126 127 128 129 133 136 137 140 141 143 144 146 147 148 149 152 153 154 156 157 158 159 160 161 162 164 165
DB01463,Fencamfamine,11 62 82 90 91 96 100 114 128 133 147 150 151 153 155 156 158 160 161 162 165
DB01520,Tenocyclidine,8 11 36 62 66 75 81 83 85 86 88 96 100 111 112 118 120 121 122 128 129 133 137 138 147 148 153 156 158 161 162 165
DB01544,Flunitrazepam,24 42 49 56 62 63 70 71 75 78 79 80 85 87 92 93 94 95 96 98 100 102 105 107 110 111 116 117 119 120 121 122 124 127 130 132 133 134 135 136 137 142 143 144 146 148 150 153 154 156 158 159 160 161 162 163 164 165
DB01558,Bromazepam,46 62 65 78 79 80 83 87 92 95 96 98 100 104 105 107 110 111 117 119 120 121 127 132 133 134 135 137 142 143 144 151 153 154 156 158 161 162 163 164 165
DB01559,Clotiazepam,8 11 36 47 62 75 78 79 80 81 85 87 88 92 93 95 96 98 100 103 105 107 110 111 114 116 117 119 120 121 122 127 132 133 134 135 137 142 143 144 148 149 150 153 154 155 156 158 160 161 162 163 164 165
DB01567,Fludiazepam,42 62 75 78 79 80 85 87 92 93 95 96 98 100 103 105 107 110 111 116 117 119 120 121 122 127 132 133 134 135 137 142 143 144 148 150 153 154 156 158 160 161 162 163 164 165
DB01576,Dextroamphetamine,84 96 104 111 115 151 155 156 158 160 161 162 165
DB01577,Methamphetamine,93 96 104 111 115 116 149 151 155 156 158 160 161 162 165
DB01579,Phendimetrazine,57 62 75 83 85 93 95 96 100 108 109 111 115 116 120 121 122 132 133 137 138 147 148 149 150 152 153 156 157 158 160 161 162 164 165
DB01580,Oxprenolol,34 54 72 74 82 90 95 96 97 99 100 104 109 113 116 126 127 131 132 138 139 143 144 146 149 150 151 152 153 155 156 157 158 159 160 161 162 164 165
DB01586,Ursodeoxycholic acid,11 66 90 91 96 104 108 112 115 116 118 123 127 128 129 131 132 139 140 141 143 146 147 149 150 152 154 155 157 159 160 164 165
DB01588,Prazepam,62 75 78 79 80 85 87 92 95 96 98 100 103 105 107 110 111 117 119 120 121 122 127 129 132 133 134 135 137 138 142 143 144 148 150 153 154 155 156 158 161 162 163 164 165
DB01589,Quazepam,42 47 62 64 73 75 78 79 80 81 85 87 88 96 98 100 103 105 106 107 111 112 119 120 121 122 129 133 134 135 137 138 142 144 148 150 153 155 156 158 161 162 163 165
DB01590,Everolimus,50 57 72 76 82 83 85 89 90 91 92 93 95 96 97 99 100 104 105 108 109 110 111 112 115 116 117 118 120 121 122 123 126 127 128 129 131 132 133 136 137 138 139 140 141 143 146 147 148 149 150 152 153 154 155 156 157 158 159 160 161 164 165
DB01591,Solifenacin,23 62 75 83 85 86 90 95 96 100 104 106 110 111 117 118 120 121 122 123 126 127 129 131 132 133 136 137 138 139 140 142 143 144 146 147 148 150 152 153 154 155 156 157 158 159 161 162 164 165
DB01594,Cinolazepam,41 42 62 72 75 78 79 80 85 87 91 92 95 96 98 100 103 105 107 110 111 117 119 120 121 122 127 133 134 135 137 139 142 143 144 147 148 150 153 154 155 156 157 158 159 161 162 163 164 165
DB01595,Nitrazepam,24 49 56 62 63 70 71 78 79 80 92 94 95 96 98 100 102 104 105 110 111 117 119 120 121 122 124 127 130 132 133 135 136 137 142 143 144 146 148 151 153 154 156 158 159 161 162 163 164 165
DB01597,Cilastatin,45 54 66 74 76 84 86 88 90 91 92 95 99 104 110 111 112 115 117 118 123 128 129 131 136 138 139 140 142 146 147 149 150 151 153 154 155 156 157 158 159 160 161 164 165
DB01600,Tiaprofenic acid,8 11 36 81 88 96 123 136 137 139 146 152 154 157 159 160 162 164 165
DB01608,Propericiazine,36 41 59 75 80 81 83 85 86 88 90 96 97 100 104 105 111 118 120 121 122 127 128 129 132 133 135 137 138 139 142 143 144 147 148 152 153 155 156 157 158 161 162 164 165
DB01613,Erythrityl Tetranitrate,24 49 63 70 71 72 89 94 97 102 106 109 111 119 122 124 126 129 130 132 136 138 140 142 146 148 152 153 155 157 159 161 164
DB01615,Aceprometazine,36 59 74 75 79 81 83 85 88 93 96 100 105 111 115 116 120 121 122 133 135 137 141 142 144 148 149 152 153 154 155 156 158 160 161 162 164 165
DB01618,Molindone,8 11 57 65 75 83 85 86 90 91 95 96 97 100 104 105 108 109 111 114 116 118 120 121 122 127 128 129 132 133 137 138 142 143 144 147 148 149 150 152 153 154 155 156 157 158 159 160 161 162 164 165
DB01619,Phenindamine,11 26 50 62 75 76 83 85 86 93 96 99 100 111 115 116 121 122 129 133 137 138 144 147 148 153 158 160 161 162 165
DB01620,Pheniramine,65 74 83 85 93 96 100 111 115 116 121 122 137 142 147 148 149 153 155 156 158 160 161 162 165
DB01624,Zuclopenthixol,36 50 59 75 76 79 81 82 83 85 86 87 88 91 95 96 99 100 103 104 105 107 109 111 118 120 121 122 128 129 132 133 134 137 138 139 142 144 147 148 153 155 157 158 161 162 164 165
DB01628,Etoricoxib,51 55 58 59 60 61 62 64 65 67 73 80 81 83 87 88 93 96 102 103 107 112 120 121 124 130 134 136 137 142 144 148 149 150 156 159 160 161 162 164 165
DB01873,Epothilone D,8 11 36 47 50 57 65 66 74 76 81 88 89 90 91 99 104 108 112 115 116 118 120 121 123 127 128 129 131 132 136 137 139 140 141 143 146 147 149 150 152 154 156 157 159 160 161 162 164 165
DB02300,Calcipotriol,11 34 50 53 66 76 89 90 91 96 99 104 108 112 115 116 118 127 128 129 131 132 139 143 146 147 149 150 152 157 159 160 164 165
DB02546,Vorinostat,24 68 69 71 72 90 91 92 94 96 102 104 110 111 117 118 124 128 129 131 132 133 135 136 139 142 146 147 151 154 155 156 158 159 161 162 164 165
DB02638,Terlipressin,8 11 14 36 53 54 67 75 79 80 82 84 85 88 90 91 92 95 96 97 100 104 110 111 113 117 118 120 121 122 124 127 128 129 131 132 133 136 137 138 139 140 142 143 146 147 148 150 151 152 153 154 155 156 157 158 159 161 162 164 165
DB02709,Resveratrol,53 89 96 99 113 127 131 139 143 146 152 157 159 162 164 165
DB03010,Epothilone B,8 11 36 47 50 57 65 66 74 76 81 88 89 90 91 99 104 105 108 112 115 116 118 120 121 123 127 128 129 131 132 136 137 139 140 141 143 146 147 149 150 152 154 156 157 159 160 161 162 164 165
DB03496,Flavopiridol,53 57 62 75 83 85 86 87 89 90 91 93 95 96 100 103 104 105 107 111 113 115 116 120 121 122 127 129 131 132 133 134 137 138 139 140 143 144 146 147 148 150 152 153 154 157 158 159 160 161 162 164 165
DB03783,Phenacetin,92 96 109 110 113 114 117 126 127 133 135 143 149 151 152 153 154 155 156 157 158 159 160 161 162 164 165
DB03925,Ono-6818,8 11 38 52 54 57 62 65 66 72 74 75 77 79 80 83 84 85 91 92 94 95 96 97 100 104 110 111 112 113 117 120 121 122 124 127 131 132 133 135 136 137 139 140 141 142 143 144 146 148 149 150 151 152 153 154 155 156 157 158 159 160 161 162 164 165
DB04552,Niflumic Acid,38 42 53 65 77 83 96 97 106 107 112 121 123 131 133 134 135 137 139 142 144 150 151 154 156 157 158 159 161 162 164 165
DB04573,Estriol,11 54 66 72 90 91 96 104 108 112 113 115 116 118 127 128 129 131 132 139 143 144 146 147 150 152 157 159 160 162 164 165
DB04575,Quinestrol,11 17 66 90 91 96 104 108 112 113 115 116 118 126 127 128 129 132 139 143 144 147 150 152 157 159 160 162 164 165
DB04690,Camptothecin,8 11 57 65 66 72 79 80 83 85 89 91 92 96 97 100 104 105 109 110 112 113 114 117 120 121 122 123 127 128 132 133 136 137 138 139 140 142 143 144 146 148 150 152 153 154 155 156 157 158 159 160 161 162 164 165
DB04711,Iodipamide,27 87 90 91 92 96 104 107 110 111 117 118 123 129 131 132 133 134 135 136 139 140 142 144 146 147 150 151 154 155 156 157 158 159 161 162 164 165
DB04786,Suramin,37 39 40 43 48 51 55 58 59 60 61 64 67 69 73 77 81 88 92 96 102 106 110 112 117 124 130 131 133 135 136 139 140 142 144 146 148 149 150 151 154 156 158 159 160 161 162 164 165
DB04817,Dipyrone,8 11 28 35 39 40 47 48 49 51 52 55 58 60 61 62 65 67 73 75 79 80 85 88 92 93 94 95 96 97 100 102 106 108 110 112 113 115 117 120 121 122 124 127 130 132 133 135 136 137 140 141 142 143 144 146 148 149 150 153 154 155 156 158 159 160 161 162 164 165
DB04832,Zimelidine,46 50 65 74 76 83 85 87 93 96 99 100 107 115 121 122 134 137 142 148 149 153 155 158 160 161 162 165
DB04835,Maraviroc,8 11 38 42 52 62 65 74 75 77 79 80 83 85 87 90 91 92 94 96 100 104 105 107 108 110 111 112 117 118 120 121 122 124 128 129 133 134 137 141 142 144 147 148 149 150 151 153 154 155 156 158 160 161 162 163 164 165
DB04836,Amineptine,49 82 84 90 91 96 100 103 104 111 112 118 122 123 128 129 131 132 133 134 139 144 147 148 151 153 154 155 156 157 158 159 161 162 163 164 165
DB04837,Chlophedianol,66 74 85 87 90 93 96 97 100 103 104 107 111 112 115 116 122 132 134 139 144 147 148 149 150 152 153 155 157 158 160 161 162 164 165
DB04839,Cyproterone,11 26 50 66 72 76 87 90 91 96 99 103 104 107 108 112 115 116 118 127 128 129 132 134 136 139 141 143 146 147 149 150 152 154 157 159 160 163 164 165
DB04840,Debrisoquin,25 43 75 77 78 83 84 85 86 90 91 96 100 106 111 119 121 122 129 131 133 137 138 142 144 147 148 151 153 156 158 161 162 165
DB04841,Flunarizine,42 75 79 83 85 86 87 96 99 100 107 111 118 120 121 122 129 133 134 137 138 142 147 148 153 155 156 158 161 162 165
DB04842,Fluspirilene,8 11 28 42 62 66 75 77 79 80 82 83 85 86 87 90 91 92 95 96 97 100 105 107 110 111 112 117 118 120 121 122 127 128 129 133 134 135 137 138 142 143 147 148 151 153 154 155 156 158 161 162 164 165
DB04843,Mepenzolate,30 49 66 72 74 75 83 85 86 93 95 96 100 108 111 112 115 116 118 121 122 123 126 127 129 132 133 137 138 139 143 146 147 148 149 152 153 154 157 158 159 160 161 162 164 165
DB04844,Tetrabenazine,72 74 83 85 86 93 96 97 100 105 108 111 113 115 121 122 126 127 128 129 132 133 137 138 141 143 144 146 147 148 149 150 152 153 154 155 156 157 158 159 160 161 162 164 165
DB04861,Nebivolol,42 54 57 72 82 83 86 87 90 91 95 96 97 100 104 105 107 113 118 120 128 129 131 132 134 137 138 139 140 144 146 147 151 152 153 155 157 158 159 161 162 164 165
DB04878,Voglibose,53 54 66 72 82 89 90 91 95 96 97 104 109 111 112 127 128 131 132 133 138 139 140 143 146 150 151 152 153 155 156 157 158 159 161 164 165
DB04880,Enoximone,8 11 37 43 54 59 64 65 77 79 81 88 93 95 96 97 106 110 113 117 120 121 127 131 136 137 142 143 144 149 150 152 154 156 159 160 161 162 164 165
DB04890,Bepotastine,65 75 83 85 86 87 90 91 95 96 97 100 103 104 107 111 118 120 121 122 123 126 127 128 129 132 133 134 137 138 139 142 143 146 147 148 152 153 154 155 156 157 158 159 161 162 164 165
DB04894,Vapreotide,8 11 14 36 54 65 67 74 79 82 84 88 90 91 92 95 96 100 104 105 110 111 113 117 118 120 121 124 127 129 131 133 136 137 138 139 140 142 143 146 147 149 150 151 152 153 154 155 156 157 158 159 160 161 162 164 165
DB04896,Milnacipran,62 66 82 84 85 86 90 92 96 100 110 112 114 116 117 122 128 138 142 148 149 150 151 153 154 155 156 158 160 161 162 164 165
DB04898,Ximelagatran,16 22 24 38 54 69 71 75 77 78 79 82 84 85 90 91 92 94 95 96 100 102 108 109 110 111 114 117 118 119 121 122 123 124 126 128 129 131 132 133 136 137 138 139 140 142 146 147 148 150 151 153 154 155 156 157 158 159 160 161 162 164 165
DB04942,Tamibarotene,66 74 92 96 110 112 115 116 117 123 131 133 135 136 139 141 144 146 147 149 151 154 156 157 158 159 160 161 162 164 165
DB04948,Lofexidine,8 11 38 77 78 79 82 87 90 95 96 100 103 104 107 108 111 113 119 120 121 126 127 133 134 137 138 142 143 144 147 150 151 152 153 156 157 158 160 161 162 164 165
DB04967,Lucanthone,36 79 81 82 83 85 86 88 91 96 97 100 104 105 108 111 113 114 116 122 127 129 133 135 137 138 141 142 143 147 148 149 151 152 153 154 155 156 158 160 161 162 164 165
DB05259,Glatiramer Acetate,54 82 84 90 91 95 96 100 104 111 113 118 123 127 129 131 132 136 139 140 142 143 146 147 149 151 152 153 154 155 156 157 158 159 160 161 162 164 165
DB06144,Sertindole,8 11 37 42 62 65 75 77 79 82 83 85 86 87 90 91 96 100 103 104 105 106 107 110 111 117 118 120 121 122 127 128 129 133 134 135 137 138 142 143 147 148 150 151 153 154 155 156 158 161 162 164 165
DB06148,Mianserin,75 79 83 85 86 93 96 98 100 105 111 115 116 120 121 122 128 129 133 135 137 138 142 144 147 148 153 156 158 160 161 162 163 165
DB06155,Rimonabant,8 11 52 62 65 69 75 79 80 83 86 87 90 91 92 94 95 96 97 100 103 104 107 110 111 117 118 120 121 122 124 129 130 133 134 135 137 138 142 144 147 148 150 151 153 154 156 158 160 161 162 164 165
DB06196,Icatibant,8 11 25 36 43 54 75 77 78 79 81 82 83 84 85 88 89 90 91 92 95 96 97 100 104 105 106 109 110 111 117 118 119 120 121 122 123 127 128 129 131 132 133 136 137 138 139 140 142 143 144 146 147 148 150 151 152 153 154 155 156 157 158 159 161 162 164 165
DB06262,Droxidopa,53 54 72 84 89 95 96 113 123 127 131 139 140 143 144 146 150 151 152 154 156 157 158 159 161 162 164 165
DB06267,Udenafil,8 11 32 33 38 51 52 55 58 59 60 61 62 64 65 67 69 73 75 77 79 80 81 82 83 85 88 90 91 92 93 94 95 96 97 100 102 104 105 106 108 109 110 111 112 113 114 115 116 117 118 120 121 122 124 126 127 128 129 130 131 132 133 136 137 138 140 141 142 143 144 146 147 148 149 150 151 152 153 154 155 156 157 158 159 160 161 162 164 165
DB06274,Alvimopan,54 62 66 75 80 82 83 85 86 90 92 95 96 97 100 104 108 110 111 112 113 115 116 117 121 122 123 127 128 129 131 132 133 136 137 138 139 140 142 143 146 147 148 149 150 151 152 153 154 155 156 157 158 159 160 161 162 164 165
DB06285,Teriparatide,8 11 25 43 53 54 65 74 77 78 79 80 82 84 88 89 90 91 92 93 95 96 97 100 104 105 106 109 110 111 114 115 116 117 118 119 120 121 123 128 129 131 132 136 137 138 139 140 141 142 146 147 149 151 153 154 155 156 157 158 159 160 161 162 164 165
DB06287,Temsirolimus,50 53 57 66 72 76 82 83 85 89 90 91 92 93 95 96 97 99 100 105 108 109 110 111 112 115 116 117 118 120 121 122 123 126 127 129 131 132 133 136 137 138 139 140 141 143 146 147 148 149 150 152 153 154 155 156 157 158 159 160 161 164 165
DB06288,Amisulpride,8 11 51 55 58 59 60 61 64 67 73 75 79 81 82 84 85 86 88 89 90 91 92 93 96 97 100 102 108 110 111 112 113 114 116 117 118 121 122 124 126 127 128 129 130 131 132 133 135 136 137 138 140 141 142 143 144 146 147 148 149 150 151 152 153 154 155 156 157 158 159 160 161 162 164 165
DB06692,Aprotinin,8 11 14 25 36 43 53 54 67 74 75 77 78 79 80 82 84 85 88 89 90 91 92 93 95 96 97 100 104 105 106 108 109 110 111 113 114 115 116 117 118 119 120 121 122 123 124 127 128 129 130 131 132 133 136 137 138 139 140 141 142 143 146 147 148 149 150 151 152 153 154 155 156 157 158 159 160 161 162 164 165
